anno;provincia;settore;qualifica;arrivi_italiani;presenza_italiani;arrivi_stranieri;presenza_stranieri;arrivi_totali;presenza_totali
2010;VB;SETTORE ALBERGHIERO;Albergo;140041;358679;315490;943216;455531;1301895
2010;VC;SETTORE EXTRALBERGHIERO;Rifugio alpino;4471;4932;4301;5848;8772;10780
2021;VB;SETTORE EXTRALBERGHIERO;Campeggio;26635;81894;96219;576766;122854;658660
2006;CN;SETTORE EXTRALBERGHIERO;Rifugio escursionistico;1747;3413;444;830;2191;4243
2009;AT;SETTORE EXTRALBERGHIERO;Affittacamere;2597;11707;1979;8768;4576;20475
2010;BI;SETTORE ALBERGHIERO;Albergo;36218;96578;13974;42805;50192;139383
2011;TO;SETTORE EXTRALBERGHIERO;Rifugio alpino;4103;6635;603;1359;4706;7994
2016;NO;SETTORE ALBERGHIERO;Albergo;179007;311614;128722;320163;307729;631777
2019;AL;SETTORE EXTRALBERGHIERO;Agriturismo;17655;30919;14788;41694;32443;72613
2021;BI;SETTORE EXTRALBERGHIERO;Campeggio;4947;9187;917;1285;5864;10472
2005;AL;SETTORE ALBERGHIERO;Albergo;135826;339636;47763;91806;183589;431442
2008;CN;SETTORE EXTRALBERGHIERO;Bed & Breakfast;3311;7327;1725;3917;5036;11244
2013;TO;SETTORE EXTRALBERGHIERO;Rifugio escursionistico;1296;3422;358;825;1654;4247
2014;VC;SETTORE EXTRALBERGHIERO;Bed & Breakfast;1284;2243;318;861;1602;3104
2015;VB;SETTORE ALBERGHIERO;Residenza Turistico Alberghiera (R.T.A.);4402;16377;13504;47915;17906;64292
2016;AL;SETTORE EXTRALBERGHIERO;Campeggio;464;14125;3338;20213;3802;34338
2016;TO;SETTORE EXTRALBERGHIERO;Ostello;12816;47591;7397;56230;20213;103821
2021;AT;SETTORE ALBERGHIERO;Albergo;29507;53489;16419;34837;45926;88326
2015;TO;SETTORE EXTRALBERGHIERO;Bed & Breakfast;19720;44068;4948;11987;24668;56055
2018;AL;SETTORE EXTRALBERGHIERO;CAV - Residence;8449;24398;4194;9639;12643;34037
2019;AT;SETTORE EXTRALBERGHIERO;Alloggio Vacanze;411;832;1236;5116;1647;5948
2021;NO;SETTORE ALBERGHIERO;Residenza Turistico Alberghiera (R.T.A.);794;4509;2182;14655;2976;19164
2006;NO;SETTORE ALBERGHIERO;Residenza Turistico Alberghiera (R.T.A.);7716;66741;7437;43969;15153;110710
2008;CN;SETTORE EXTRALBERGHIERO;Affittacamere;11658;27791;10388;30878;22046;58669
2008;CN;SETTORE EXTRALBERGHIERO;Casa per ferie;12220;64521;870;4971;13090;69492
2013;VB;SETTORE EXTRALBERGHIERO;Agriturismo;1881;3348;789;2582;2670;5930
2014;VC;SETTORE EXTRALBERGHIERO;Affittacamere;2574;9490;922;3784;3496;13274
2014;VC;SETTORE EXTRALBERGHIERO;Casa per ferie;3006;20686;199;1044;3205;21730
2016;AL;SETTORE EXTRALBERGHIERO;Bed & Breakfast;8409;13683;7316;12808;15725;26491
2019;AT;SETTORE EXTRALBERGHIERO;CAV - Residence;3870;10167;3837;16219;7707;26386
2021;VB;SETTORE EXTRALBERGHIERO;Rifugio alpino;1735;2207;596;666;2331;2873
2006;TO;SETTORE EXTRALBERGHIERO;CAV - Residence;11322;144058;8999;135279;20321;279337
2006;VB;SETTORE EXTRALBERGHIERO;Affittacamere;3055;15667;2275;8212;5330;23879
2006;VB;SETTORE EXTRALBERGHIERO;Casa per ferie;6939;38986;457;1496;7396;40482
2019;TO;SETTORE EXTRALBERGHIERO;Bed & Breakfast;18135;34284;8851;17716;26986;52000
2005;CN;SETTORE ALBERGHIERO;Albergo;175735;502931;100476;260860;276211;763791
2006;BI;SETTORE EXTRALBERGHIERO;Rifugio alpino;1245;1297;205;221;1450;1518
2011;VC;SETTORE ALBERGHIERO;Albergo;34041;86792;10192;29278;44233;116070
2016;AL;SETTORE EXTRALBERGHIERO;Affittacamere;6348;16192;3279;5738;9627;21930
2016;AL;SETTORE EXTRALBERGHIERO;Casa per ferie;3273;14939;773;2140;4046;17079
2016;CN;SETTORE EXTRALBERGHIERO;Campeggio;35359;149037;10240;34409;45599;183446
2005;AL;SETTORE EXTRALBERGHIERO;Bed & Breakfast;1762;3383;942;2399;2704;5782
2008;AT;SETTORE EXTRALBERGHIERO;CAV - Residence;587;3938;819;6285;1406;10223
2010;VB;SETTORE EXTRALBERGHIERO;Rifugio alpino;202;262;59;71;261;333
2017;TO;SETTORE ALBERGHIERO;Residenza Turistico Alberghiera (R.T.A.);94781;348203;42860;188800;137641;537003
2021;AT;SETTORE EXTRALBERGHIERO;Bed & Breakfast;5644;9919;2627;7450;8271;17369
2007;VC;SETTORE EXTRALBERGHIERO;Bed & Breakfast;623;1464;161;1045;784;2509
2008;VB;SETTORE ALBERGHIERO;Residenza Turistico Alberghiera (R.T.A.);4592;28819;11864;54127;16456;82946
2009;AL;SETTORE EXTRALBERGHIERO;Campeggio;1034;4994;2035;6491;3069;11485
2009;TO;SETTORE EXTRALBERGHIERO;Ostello;10709;28103;15689;34504;26398;62607
2014;AT;SETTORE ALBERGHIERO;Albergo;35992;75602;26421;61739;62413;137341
2016;BI;SETTORE EXTRALBERGHIERO;CAV - Residence;1292;25702;768;8442;2060;34144
2006;AT;SETTORE EXTRALBERGHIERO;Bed & Breakfast;2184;4727;2163;6311;4347;11038
2008;CN;SETTORE EXTRALBERGHIERO;Agriturismo;16960;39438;16702;52851;33662;92289
2010;BI;SETTORE EXTRALBERGHIERO;Affittacamere;1312;2416;420;1025;1732;3441
2014;VC;SETTORE EXTRALBERGHIERO;Agriturismo;2196;4254;319;880;2515;5134
2016;CN;SETTORE EXTRALBERGHIERO;Rifugio alpino;9449;22589;3709;5871;13158;28460
2016;NO;SETTORE EXTRALBERGHIERO;Affittacamere;5154;13379;3840;9661;8994;23040
2016;NO;SETTORE EXTRALBERGHIERO;Casa per ferie;2834;15311;748;4132;3582;19443
2005;NO;SETTORE EXTRALBERGHIERO;Campeggio;38422;167939;15490;68911;53912;236850
2013;AT;SETTORE EXTRALBERGHIERO;Agriturismo;12166;24824;11491;39891;23657;64715
2014;VB;SETTORE EXTRALBERGHIERO;Bed & Breakfast;4280;9371;5324;14111;9604;23482
2016;TO;SETTORE ALBERGHIERO;Albergo;1386055;3064737;444034;1152229;1830089;4216966
2007;CN;SETTORE EXTRALBERGHIERO;CAV - Residence;2446;17495;1421;8795;3867;26290
2012;TO;SETTORE EXTRALBERGHIERO;Campeggio;67356;326984;11554;51125;78910;378109
2013;VC;SETTORE EXTRALBERGHIERO;CAV - Residence;2606;40282;1187;15737;3793;56019
2017;AL;SETTORE ALBERGHIERO;Albergo;143937;314516;102328;208708;246265;523224
2020;CN;SETTORE EXTRALBERGHIERO;Bed & Breakfast;13496;26060;3643;8888;17139;34948
2006;AT;SETTORE EXTRALBERGHIERO;Affittacamere;1983;8213;1777;6830;3760;15043
2007;BI;SETTORE ALBERGHIERO;Albergo;36449;96435;14306;35266;50755;131701
2008;TO;SETTORE EXTRALBERGHIERO;Rifugio alpino;5055;13332;426;511;5481;13843
2013;NO;SETTORE ALBERGHIERO;Albergo;166076;285159;108677;260365;274753;545524
2016;AL;SETTORE EXTRALBERGHIERO;Agriturismo;15876;30937;12394;31635;28270;62572
2018;BI;SETTORE EXTRALBERGHIERO;Campeggio;4466;16450;785;1375;5251;17825
2020;VB;SETTORE EXTRALBERGHIERO;CAV - Residence;6873;37970;12992;68200;19865;106170
2006;TO;SETTORE ALBERGHIERO;Residenza Turistico Alberghiera (R.T.A.);13074;102282;5657;61062;18731;163344
2010;AT;SETTORE EXTRALBERGHIERO;Bed & Breakfast;2686;5803;2019;5703;4705;11506
2012;CN;SETTORE EXTRALBERGHIERO;Agriturismo;27513;58281;29256;87146;56769;145427
2014;BI;SETTORE EXTRALBERGHIERO;Affittacamere;1135;1892;313;426;1448;2318
2014;BI;SETTORE EXTRALBERGHIERO;Casa per ferie;9690;20901;1911;4010;11601;24911
2018;VC;SETTORE EXTRALBERGHIERO;Agriturismo;2254;5333;267;504;2521;5837
2020;CN;SETTORE EXTRALBERGHIERO;Rifugio alpino;1592;1876;540;560;2132;2436
2020;NO;SETTORE EXTRALBERGHIERO;Affittacamere;4866;12743;1706;4050;6572;16793
2009;AL;SETTORE EXTRALBERGHIERO;Affittacamere;2724;8770;1758;4084;4482;12854
2009;CN;SETTORE EXTRALBERGHIERO;Campeggio;30205;153975;7962;28735;38167;182710
2019;TO;SETTORE EXTRALBERGHIERO;Agriturismo;8869;22063;3810;10305;12679;32368
2007;CN;SETTORE EXTRALBERGHIERO;Rifugio escursionistico;1504;4408;538;922;2042;5330
2010;AT;SETTORE EXTRALBERGHIERO;Affittacamere;2803;8267;2056;8902;4859;17169
2011;BI;SETTORE ALBERGHIERO;Albergo;32121;85179;14010;39712;46131;124891
2012;TO;SETTORE EXTRALBERGHIERO;Rifugio alpino;4337;6287;1009;1190;5346;7477
2017;NO;SETTORE ALBERGHIERO;Albergo;180087;348896;138034;341308;318121;690204
2020;AL;SETTORE EXTRALBERGHIERO;Agriturismo;13897;28575;7240;20895;21137;49470
2007;VB;SETTORE EXTRALBERGHIERO;Campeggio;32242;119632;128094;866190;160336;985822
2010;BI;SETTORE EXTRALBERGHIERO;Agriturismo;618;2391;102;213;720;2604
2012;TO;SETTORE EXTRALBERGHIERO;Affittacamere;12733;33691;3149;8998;15882;42689
2012;TO;SETTORE EXTRALBERGHIERO;Casa per ferie;83038;491754;18566;94694;101604;586448
2016;NO;SETTORE EXTRALBERGHIERO;Agriturismo;4523;10389;3871;8811;8394;19200
2017;CN;SETTORE ALBERGHIERO;Albergo;235826;563846;160875;390553;396701;954399
2018;BI;SETTORE EXTRALBERGHIERO;Rifugio alpino;600;605;970;978;1570;1583
2007;AT;SETTORE ALBERGHIERO;Albergo;36327;67124;25091;54289;61418;121413
2009;BI;SETTORE EXTRALBERGHIERO;CAV - Residence;476;12644;391;9330;867;21974
2015;NO;SETTORE EXTRALBERGHIERO;CAV - Residence;1819;5992;4201;17748;6020;23740
2018;AL;SETTORE EXTRALBERGHIERO;Ostello;2610;7533;862;3224;3472;10757
2008;TO;SETTORE EXTRALBERGHIERO;Agriturismo;3587;18337;678;2869;4265;21206
2011;CN;SETTORE EXTRALBERGHIERO;Rifugio escursionistico;3260;8122;2310;3230;5570;11352
2014;AT;SETTORE EXTRALBERGHIERO;Affittacamere;4281;13217;3352;11952;7633;25169
2014;AT;SETTORE EXTRALBERGHIERO;Casa per ferie;4451;7535;1991;6913;6442;14448
2014;CN;SETTORE EXTRALBERGHIERO;Ostello;384;718;45;95;429;813
2015;BI;SETTORE ALBERGHIERO;Albergo;31227;87976;16067;37128;47294;125104
2016;TO;SETTORE EXTRALBERGHIERO;Rifugio alpino;6133;8491;1193;1261;7326;9752
2021;NO;SETTORE ALBERGHIERO;Albergo;147647;300068;57043;149419;204690;449487
2010;VC;SETTORE EXTRALBERGHIERO;Bed & Breakfast;1060;2572;212;462;1272;3034
2011;VB;SETTORE ALBERGHIERO;Residenza Turistico Alberghiera (R.T.A.);4288;27490;13612;61391;17900;88881
2012;AL;SETTORE EXTRALBERGHIERO;Campeggio;1793;47373;3069;20865;4862;68238
2012;TO;SETTORE EXTRALBERGHIERO;Ostello;15429;47992;4390;33849;19819;81841
2017;AT;SETTORE ALBERGHIERO;Albergo;39343;70850;32952;79817;72295;150667
2019;BI;SETTORE EXTRALBERGHIERO;CAV - Residence;740;8290;439;3614;1179;11904
2008;AL;SETTORE EXTRALBERGHIERO;Affittacamere;2887;8198;1674;5043;4561;13241
2008;CN;SETTORE EXTRALBERGHIERO;Campeggio;30052;167061;6097;23584;36149;190645
2018;TO;SETTORE EXTRALBERGHIERO;Agriturismo;11042;33813;3555;10718;14597;44531
2021;CN;SETTORE EXTRALBERGHIERO;Rifugio escursionistico;3378;6484;2771;4806;6149;11290
2010;CN;SETTORE EXTRALBERGHIERO;CAV - Residence;2854;36267;2543;15189;5397;51456
2015;TO;SETTORE EXTRALBERGHIERO;Campeggio;83957;396699;44054;247252;128011;643951
2016;VC;SETTORE EXTRALBERGHIERO;CAV - Residence;2519;40577;2003;13459;4522;54036
2020;AL;SETTORE ALBERGHIERO;Albergo;67487;143773;23591;40015;91078;183788
2020;CN;SETTORE EXTRALBERGHIERO;Rifugio non gestito;46;76;0;0;46;76
2006;BI;SETTORE EXTRALBERGHIERO;Campeggio;5803;22601;940;3149;6743;25750
2008;VB;SETTORE EXTRALBERGHIERO;CAV - Residence;2365;11436;16137;130532;18502;141968
2012;NO;SETTORE EXTRALBERGHIERO;Campeggio;31292;152180;19632;108016;50924;260196
2014;CN;SETTORE EXTRALBERGHIERO;Alloggio Vacanze;196;1364;175;993;371;2357
2019;BI;SETTORE EXTRALBERGHIERO;Rifugio escursionistico;264;373;166;168;430;541
2020;AT;SETTORE EXTRALBERGHIERO;Agriturismo;11302;21415;4627;12630;15929;34045
2021;VB;SETTORE EXTRALBERGHIERO;Bed & Breakfast;5401;11817;5166;13380;10567;25197
2006;NO;SETTORE ALBERGHIERO;Albergo;136902;293052;113004;244060;249906;537112
2009;AL;SETTORE EXTRALBERGHIERO;Agriturismo;7655;18467;4251;14799;11906;33266
2011;BI;SETTORE EXTRALBERGHIERO;Campeggio;5211;20574;1088;2725;6299;23299
2013;VB;SETTORE EXTRALBERGHIERO;CAV - Residence;2967;21308;22519;151193;25486;172501
2017;NO;SETTORE EXTRALBERGHIERO;Campeggio;31031;130450;33594;150667;64625;281117
2019;CN;SETTORE EXTRALBERGHIERO;Alloggio Vacanze;2493;10406;2045;8065;4538;18471
2006;BI;SETTORE EXTRALBERGHIERO;Affittacamere;883;3571;376;1616;1259;5187
2010;VC;SETTORE EXTRALBERGHIERO;Agriturismo;1595;2689;48;184;1643;2873
2012;CN;SETTORE EXTRALBERGHIERO;Rifugio alpino;11742;28310;2335;2584;14077;30894
2012;NO;SETTORE EXTRALBERGHIERO;Affittacamere;2417;9813;2167;6077;4584;15890
2018;VB;SETTORE ALBERGHIERO;Albergo;170976;374375;397783;1145029;568759;1519404
2018;VC;SETTORE EXTRALBERGHIERO;Rifugio alpino;2481;2863;3846;4471;6327;7334
2014;VB;SETTORE EXTRALBERGHIERO;Campeggio;21688;80080;99289;604031;120977;684111
2017;BI;SETTORE EXTRALBERGHIERO;Agriturismo;2259;5242;887;3271;3146;8513
2019;TO;SETTORE EXTRALBERGHIERO;Affittacamere;17468;39916;10142;22908;27610;62824
2019;TO;SETTORE EXTRALBERGHIERO;Casa per ferie;149831;880278;15883;126499;165714;1006777
2020;CN;SETTORE ALBERGHIERO;Albergo diffuso;2171;4365;1056;3501;3227;7866
2005;TO;SETTORE EXTRALBERGHIERO;Bed & Breakfast;2487;7317;960;3008;3447;10325
2008;AL;SETTORE EXTRALBERGHIERO;CAV - Residence;1540;11207;408;4326;1948;15533
2011;NO;SETTORE ALBERGHIERO;Residenza Turistico Alberghiera (R.T.A.);2857;16974;7002;49468;9859;66442
2013;CN;SETTORE EXTRALBERGHIERO;Affittacamere;18132;36662;19890;53702;38022;90364
2013;CN;SETTORE EXTRALBERGHIERO;Casa per ferie;12039;62400;716;6125;12755;68525
2018;VB;SETTORE EXTRALBERGHIERO;Agriturismo;2001;4676;2169;6678;4170;11354
2019;VC;SETTORE EXTRALBERGHIERO;Affittacamere;4332;11708;2083;5425;6415;17133
2019;VC;SETTORE EXTRALBERGHIERO;Casa per ferie;3577;10447;487;1546;4064;11993
2021;AL;SETTORE EXTRALBERGHIERO;Bed & Breakfast;8125;15494;5331;11076;13456;26570
2021;BI;SETTORE EXTRALBERGHIERO;Agriturismi (senza ricettività);0;0;null;null;0;0
2009;NO;SETTORE ALBERGHIERO;Albergo;173319;309210;101789;221561;275108;530771
2012;AL;SETTORE EXTRALBERGHIERO;Agriturismo;14388;30038;7452;20809;21840;50847
2014;BI;SETTORE EXTRALBERGHIERO;Campeggio;4546;15446;1031;2014;5577;17460
2016;VB;SETTORE EXTRALBERGHIERO;CAV - Residence;5153;36131;23681;141994;28834;178125
2020;NO;SETTORE EXTRALBERGHIERO;Campeggio;30459;116150;14034;57571;44493;173721
2005;AL;SETTORE EXTRALBERGHIERO;Affittacamere;1793;5366;782;2181;2575;7547
2005;CN;SETTORE EXTRALBERGHIERO;Campeggio;23183;119593;4003;13498;27186;133091
2015;TO;SETTORE EXTRALBERGHIERO;Agriturismo;5835;17680;2515;7250;8350;24930
2018;CN;SETTORE EXTRALBERGHIERO;Rifugio escursionistico;3560;5755;3691;6447;7251;12202
2020;VB;SETTORE EXTRALBERGHIERO;Alloggio Vacanze;951;3610;726;3306;1677;6916
2021;AT;SETTORE EXTRALBERGHIERO;Affittacamere;7162;12515;4635;11750;11797;24265
2021;AT;SETTORE EXTRALBERGHIERO;Casa per ferie;1042;2279;82;215;1124;2494
2021;CN;SETTORE EXTRALBERGHIERO;Ostello;1216;2753;143;345;1359;3098
2005;CN;SETTORE EXTRALBERGHIERO;Bed & Breakfast;1795;3816;1424;3154;3219;6970
2010;TO;SETTORE EXTRALBERGHIERO;Rifugio escursionistico;1057;2247;58;58;1115;2305
2011;VC;SETTORE EXTRALBERGHIERO;Bed & Breakfast;927;1893;180;488;1107;2381
2012;VB;SETTORE ALBERGHIERO;Residenza Turistico Alberghiera (R.T.A.);4000;26351;12920;59199;16920;85550
2013;AL;SETTORE EXTRALBERGHIERO;Campeggio;1586;38028;2864;20030;4450;58058
2013;TO;SETTORE EXTRALBERGHIERO;Ostello;15863;53849;5622;35987;21485;89836
2018;AT;SETTORE ALBERGHIERO;Albergo;41132;69288;33947;80541;75079;149829
2020;BI;SETTORE EXTRALBERGHIERO;CAV - Residence;548;6825;217;1686;765;8511
2007;AT;SETTORE EXTRALBERGHIERO;Bed & Breakfast;2072;3980;2067;5909;4139;9889
2009;CN;SETTORE EXTRALBERGHIERO;Agriturismo;18180;42960;19833;57599;38013;100559
2011;BI;SETTORE EXTRALBERGHIERO;Affittacamere;1244;2794;387;713;1631;3507
2011;BI;SETTORE EXTRALBERGHIERO;Casa per ferie;10674;24431;1624;3589;12298;28020
2015;VC;SETTORE EXTRALBERGHIERO;Agriturismo;2271;5374;320;883;2591;6257
2017;CN;SETTORE EXTRALBERGHIERO;Rifugio alpino;10491;22404;4392;4745;14883;27149
2017;NO;SETTORE EXTRALBERGHIERO;Affittacamere;6774;15870;4804;11958;11578;27828
2017;NO;SETTORE EXTRALBERGHIERO;Casa per ferie;2935;16358;833;4270;3768;20628
2019;TO;SETTORE EXTRALBERGHIERO;Agriturismi (senza ricettività);0;0;null;null;0;0
2005;CN;SETTORE EXTRALBERGHIERO;Rifugio alpino;8230;18027;1906;2047;10136;20074
2005;NO;SETTORE EXTRALBERGHIERO;Affittacamere;1070;9595;1211;3530;2281;13125
2011;VB;SETTORE ALBERGHIERO;Albergo;139848;348119;340660;1008077;480508;1356196
2011;VC;SETTORE EXTRALBERGHIERO;Rifugio alpino;2720;3028;4287;5890;7007;8918
2005;CN;SETTORE EXTRALBERGHIERO;Affittacamere;7788;22466;7437;20045;15225;42511
2005;CN;SETTORE EXTRALBERGHIERO;Casa per ferie;8138;35534;363;5026;8501;40560
2010;VB;SETTORE EXTRALBERGHIERO;Agriturismo;1293;3077;514;2175;1807;5252
2011;VC;SETTORE EXTRALBERGHIERO;Affittacamere;2673;8914;1141;3680;3814;12594
2011;VC;SETTORE EXTRALBERGHIERO;Casa per ferie;3150;27227;127;2854;3277;30081
2013;AL;SETTORE EXTRALBERGHIERO;Bed & Breakfast;4094;6841;3265;6007;7359;12848
2016;AT;SETTORE EXTRALBERGHIERO;CAV - Residence;2591;11325;2426;15447;5017;26772
2018;VB;SETTORE EXTRALBERGHIERO;Rifugio alpino;6503;7572;3709;4409;10212;11981
2019;NO;SETTORE EXTRALBERGHIERO;Agriturismi (senza ricettività);0;0;null;null;0;0
2006;AL;SETTORE ALBERGHIERO;Albergo;142496;343754;57066;117098;199562;460852
2009;CN;SETTORE EXTRALBERGHIERO;Bed & Breakfast;3979;9575;2132;5534;6111;15109
2014;TO;SETTORE EXTRALBERGHIERO;Rifugio escursionistico;3267;5469;579;963;3846;6432
2015;VC;SETTORE EXTRALBERGHIERO;Bed & Breakfast;1735;3258;601;1073;2336;4331
2016;VB;SETTORE ALBERGHIERO;Residenza Turistico Alberghiera (R.T.A.);5176;17463;15800;51220;20976;68683
2017;AL;SETTORE EXTRALBERGHIERO;Campeggio;652;25840;3630;23118;4282;48958
2017;TO;SETTORE EXTRALBERGHIERO;Ostello;11700;43156;9153;60967;20853;104123
2005;AL;SETTORE EXTRALBERGHIERO;Agriturismo;5985;19005;2052;6671;8037;25676
2007;BI;SETTORE EXTRALBERGHIERO;Campeggio;5745;20068;722;1787;6467;21855
2009;VB;SETTORE EXTRALBERGHIERO;CAV - Residence;3575;14840;15909;109279;19484;124119
2013;NO;SETTORE EXTRALBERGHIERO;Campeggio;23023;112516;18065;100440;41088;212956
2015;CN;SETTORE EXTRALBERGHIERO;Alloggio Vacanze;902;6640;499;2480;1401;9120
2019;VB;SETTORE EXTRALBERGHIERO;Rifugio non gestito;0;0;null;null;0;0
2021;AT;SETTORE EXTRALBERGHIERO;Agriturismo;15671;27094;10422;29978;26093;57072
2009;CN;SETTORE EXTRALBERGHIERO;Rifugio alpino;7536;20042;2038;2792;9574;22834
2009;NO;SETTORE EXTRALBERGHIERO;Affittacamere;1742;8264;1220;3941;2962;12205
2015;VB;SETTORE ALBERGHIERO;Albergo;154769;353105;367441;1049598;522210;1402703
2015;VC;SETTORE EXTRALBERGHIERO;Rifugio alpino;2548;3239;3069;3373;5617;6612
2014;TO;SETTORE ALBERGHIERO;Residenza Turistico Alberghiera (R.T.A.);137970;572212;35858;158022;173828;730234
2018;AT;SETTORE EXTRALBERGHIERO;Bed & Breakfast;6581;11213;5781;16833;12362;28046
2020;CN;SETTORE EXTRALBERGHIERO;Agriturismo;32949;63697;15204;42713;48153;106410
2006;CN;SETTORE ALBERGHIERO;Albergo;188188;572569;116418;322986;304606;895555
2007;BI;SETTORE EXTRALBERGHIERO;Rifugio alpino;739;774;296;324;1035;1098
2012;VC;SETTORE ALBERGHIERO;Albergo;36406;90999;12492;32309;48898;123308
2017;AL;SETTORE EXTRALBERGHIERO;Affittacamere;6220;12097;3328;6089;9548;18186
2017;AL;SETTORE EXTRALBERGHIERO;Casa per ferie;3081;15079;1012;3451;4093;18530
2017;CN;SETTORE EXTRALBERGHIERO;Campeggio;41567;175727;11040;38767;52607;214494
2005;VB;SETTORE ALBERGHIERO;Residenza Turistico Alberghiera (R.T.A.);3335;19073;9404;47389;12739;66462
2006;TO;SETTORE EXTRALBERGHIERO;Ostello;5748;16989;5121;26704;10869;43693
2011;AT;SETTORE ALBERGHIERO;Albergo;33526;68190;26262;64660;59788;132850
2013;BI;SETTORE EXTRALBERGHIERO;CAV - Residence;1800;18411;805;7736;2605;26147
2019;NO;SETTORE EXTRALBERGHIERO;CAV - Residence;4503;12842;5918;26408;10421;39250
2021;VB;SETTORE EXTRALBERGHIERO;Agriturismi (senza ricettività);0;0;null;null;0;0
2011;BI;SETTORE EXTRALBERGHIERO;Bed & Breakfast;1761;3588;567;1497;2328;5085
2017;NO;SETTORE EXTRALBERGHIERO;Bed & Breakfast;6447;11260;5500;12765;11947;24025
2008;VC;SETTORE EXTRALBERGHIERO;Bed & Breakfast;940;1700;166;530;1106;2230
2009;VB;SETTORE ALBERGHIERO;Residenza Turistico Alberghiera (R.T.A.);4143;19448;12414;56932;16557;76380
2010;AL;SETTORE EXTRALBERGHIERO;Campeggio;1636;59129;2508;11592;4144;70721
2010;TO;SETTORE EXTRALBERGHIERO;Ostello;13827;39689;11201;35097;25028;74786
2015;AT;SETTORE ALBERGHIERO;Albergo;37086;74446;27933;65752;65019;140198
2017;BI;SETTORE EXTRALBERGHIERO;CAV - Residence;1215;24464;757;10917;1972;35381
2007;VB;SETTORE EXTRALBERGHIERO;Agriturismo;1278;3160;431;1804;1709;4964
2008;VC;SETTORE EXTRALBERGHIERO;Affittacamere;1570;8416;722;4444;2292;12860
2008;VC;SETTORE EXTRALBERGHIERO;Casa per ferie;2204;25480;120;931;2324;26411
2010;AL;SETTORE EXTRALBERGHIERO;Bed & Breakfast;2661;5379;1526;4899;4187;10278
2013;AT;SETTORE EXTRALBERGHIERO;CAV - Residence;779;3375;1176;8855;1955;12230
2006;NO;SETTORE EXTRALBERGHIERO;Bed & Breakfast;460;922;308;675;768;1597
2006;VC;SETTORE ALBERGHIERO;Residenza Turistico Alberghiera (R.T.A.);1974;15029;704;3299;2678;18328
2015;TO;SETTORE EXTRALBERGHIERO;CAV - Residence;35000;207245;16809;102972;51809;310217
2015;VB;SETTORE EXTRALBERGHIERO;Affittacamere;5458;12163;7161;15912;12619;28075
2015;VB;SETTORE EXTRALBERGHIERO;Casa per ferie;7753;37728;1655;4314;9408;42042
2016;AL;SETTORE EXTRALBERGHIERO;Alloggio Vacanze;29;33;293;1526;322;1559
2006;VB;SETTORE EXTRALBERGHIERO;CAV - Residence;2534;10743;11035;81858;13569;92601
2010;NO;SETTORE EXTRALBERGHIERO;Campeggio;33117;153174;18146;100638;51263;253812
2017;BI;SETTORE EXTRALBERGHIERO;Rifugio escursionistico;1124;1686;419;692;1543;2378
2018;AT;SETTORE EXTRALBERGHIERO;Agriturismo;17175;34276;17891;56809;35066;91085
2019;VB;SETTORE EXTRALBERGHIERO;Bed & Breakfast;7716;14424;10903;27212;18619;41636
2021;TO;SETTORE ALBERGHIERO;Albergo;588723;1204345;172268;378891;760991;1583236
2006;BI;SETTORE EXTRALBERGHIERO;CAV - Residence;402;5317;316;3860;718;9177
2012;NO;SETTORE EXTRALBERGHIERO;CAV - Residence;669;3019;1797;8354;2466;11373
2015;AL;SETTORE EXTRALBERGHIERO;Ostello;3063;10104;2451;7665;5514;17769
2019;BI;SETTORE EXTRALBERGHIERO;Bed & Breakfast;5710;9638;2252;4920;7962;14558
2019;CN;SETTORE ALBERGHIERO;Residenza Turistico Alberghiera (R.T.A.);1850;11053;1955;7477;3805;18530
2019;TO;SETTORE EXTRALBERGHIERO;Alloggio Vacanze;747;2196;608;2102;1355;4298
2006;TO;SETTORE ALBERGHIERO;Albergo;890269;2184610;397609;1538284;1287878;3722894
2012;CN;SETTORE EXTRALBERGHIERO;CAV - Residence;5177;50080;3741;21925;8918;72005
2017;TO;SETTORE EXTRALBERGHIERO;Campeggio;66901;236674;8295;20065;75196;256739
2018;VC;SETTORE EXTRALBERGHIERO;CAV - Residence;7520;53700;4298;27344;11818;81044
2007;AL;SETTORE ALBERGHIERO;Albergo;148965;337779;61945;125813;210910;463592
2010;CN;SETTORE EXTRALBERGHIERO;Bed & Breakfast;4837;10940;2591;8358;7428;19298
2015;TO;SETTORE EXTRALBERGHIERO;Rifugio escursionistico;1883;4850;395;727;2278;5577
2016;VC;SETTORE EXTRALBERGHIERO;Bed & Breakfast;1790;3718;665;1407;2455;5125
2017;VB;SETTORE ALBERGHIERO;Residenza Turistico Alberghiera (R.T.A.);5771;23242;22023;67153;27794;90395
2018;AL;SETTORE EXTRALBERGHIERO;Campeggio;665;14774;3720;23002;4385;37776
2018;TO;SETTORE EXTRALBERGHIERO;Ostello;16941;54049;7868;57397;24809;111446
2009;VC;SETTORE ALBERGHIERO;Albergo;37896;120069;9852;30624;47748;150693
2014;AL;SETTORE EXTRALBERGHIERO;Affittacamere;5946;14290;3241;6471;9187;20761
2014;AL;SETTORE EXTRALBERGHIERO;Casa per ferie;3569;15655;566;2146;4135;17801
2014;CN;SETTORE EXTRALBERGHIERO;Campeggio;33503;148648;8730;34134;42233;182782
2020;VC;SETTORE EXTRALBERGHIERO;Campeggio;6874;25462;329;813;7203;26275
2007;AT;SETTORE EXTRALBERGHIERO;Agriturismo;8997;22902;8225;28907;17222;51809
2008;VB;SETTORE EXTRALBERGHIERO;Bed & Breakfast;2072;4290;1756;4567;3828;8857
2010;TO;SETTORE ALBERGHIERO;Albergo;1301155;3152801;206841;561488;1507996;3714289
2016;CN;SETTORE EXTRALBERGHIERO;CAV - Residence;14014;77031;11063;50965;25077;127996
2021;TO;SETTORE EXTRALBERGHIERO;Campeggio;43501;101048;9452;21710;52953;122758
2008;NO;SETTORE ALBERGHIERO;Residenza Turistico Alberghiera (R.T.A.);6755;50063;6842;52446;13597;102509
2010;CN;SETTORE EXTRALBERGHIERO;Affittacamere;15705;34113;14576;42157;30281;76270
2010;CN;SETTORE EXTRALBERGHIERO;Casa per ferie;11826;63010;700;7783;12526;70793
2015;VB;SETTORE EXTRALBERGHIERO;Agriturismo;1291;2852;779;2660;2070;5512
2016;VC;SETTORE EXTRALBERGHIERO;Affittacamere;3794;12419;1451;4274;5245;16693
2016;VC;SETTORE EXTRALBERGHIERO;Casa per ferie;2836;17327;168;446;3004;17773
2018;AL;SETTORE EXTRALBERGHIERO;Bed & Breakfast;10153;17737;9456;16330;19609;34067
2021;AT;SETTORE EXTRALBERGHIERO;CAV - Residence;3230;9426;2162;11089;5392;20515
2009;TO;SETTORE EXTRALBERGHIERO;Agriturismo;3876;10788;691;2065;4567;12853
2012;CN;SETTORE EXTRALBERGHIERO;Rifugio escursionistico;5615;13213;2171;2761;7786;15974
2014;VB;SETTORE EXTRALBERGHIERO;Alloggio Vacanze;344;1013;1139;5030;1483;6043
2015;AT;SETTORE EXTRALBERGHIERO;Affittacamere;5341;15381;4599;15521;9940;30902
2015;AT;SETTORE EXTRALBERGHIERO;Casa per ferie;4267;7179;1967;6235;6234;13414
2016;BI;SETTORE ALBERGHIERO;Albergo;32013;77648;16147;36321;48160;113969
2017;TO;SETTORE EXTRALBERGHIERO;Rifugio alpino;7209;8892;1272;1500;8481;10392
2013;TO;SETTORE EXTRALBERGHIERO;Agriturismo;4399;11079;1472;5262;5871;16341
2016;CN;SETTORE EXTRALBERGHIERO;Rifugio escursionistico;3895;7777;3543;4943;7438;12720
2018;VB;SETTORE EXTRALBERGHIERO;Alloggio Vacanze;1051;2670;1711;8121;2762;10791
2019;AT;SETTORE EXTRALBERGHIERO;Affittacamere;8761;15329;7071;16416;15832;31745
2019;AT;SETTORE EXTRALBERGHIERO;Casa per ferie;3869;6232;1357;3072;5226;9304
2019;CN;SETTORE EXTRALBERGHIERO;Ostello;1052;3215;227;1539;1279;4754
2020;BI;SETTORE ALBERGHIERO;Albergo;21584;52956;4606;10834;26190;63790
2021;TO;SETTORE EXTRALBERGHIERO;Rifugio alpino;957;2618;266;328;1223;2946
2005;BI;SETTORE ALBERGHIERO;Albergo;36201;102555;13932;38410;50133;140965
2011;NO;SETTORE ALBERGHIERO;Albergo;185877;316174;134928;288043;320805;604217
2014;AL;SETTORE EXTRALBERGHIERO;Agriturismo;15303;27935;10256;25810;25559;53745
2016;BI;SETTORE EXTRALBERGHIERO;Campeggio;4987;17778;1190;2410;6177;20188
2018;VB;SETTORE EXTRALBERGHIERO;CAV - Residence;6183;45256;28345;160872;34528;206128
2009;NO;SETTORE EXTRALBERGHIERO;CAV - Residence;319;1326;908;4483;1227;5809
2012;AL;SETTORE EXTRALBERGHIERO;Ostello;2876;9129;718;4296;3594;13425
2016;BI;SETTORE EXTRALBERGHIERO;Bed & Breakfast;4167;7648;1882;4096;6049;11744
2016;TO;SETTORE EXTRALBERGHIERO;Alloggio Vacanze;663;2567;254;681;917;3248
2008;VB;SETTORE EXTRALBERGHIERO;Agriturismo;1162;3230;343;1585;1505;4815
2009;VC;SETTORE EXTRALBERGHIERO;Affittacamere;2007;9140;580;3164;2587;12304
2009;VC;SETTORE EXTRALBERGHIERO;Casa per ferie;2838;28020;206;2677;3044;30697
2011;AL;SETTORE EXTRALBERGHIERO;Bed & Breakfast;3826;6610;1903;4354;5729;10964
2014;AT;SETTORE EXTRALBERGHIERO;CAV - Residence;1358;5447;1308;8477;2666;13924
2016;VB;SETTORE EXTRALBERGHIERO;Rifugio alpino;2625;3134;1461;1630;4086;4764
2007;NO;SETTORE EXTRALBERGHIERO;Bed & Breakfast;374;877;358;1809;732;2686
2007;VC;SETTORE ALBERGHIERO;Residenza Turistico Alberghiera (R.T.A.);2383;15721;874;4611;3257;20332
2016;TO;SETTORE EXTRALBERGHIERO;CAV - Residence;43119;243112;17291;104283;60410;347395
2016;VB;SETTORE EXTRALBERGHIERO;Affittacamere;5594;12588;6695;16664;12289;29252
2016;VB;SETTORE EXTRALBERGHIERO;Casa per ferie;8894;41982;1721;4448;10615;46430
2017;AL;SETTORE EXTRALBERGHIERO;Alloggio Vacanze;165;226;559;2770;724;2996
2006;VC;SETTORE ALBERGHIERO;Albergo;32678;107966;10295;30282;42973;138248
2011;AL;SETTORE EXTRALBERGHIERO;Affittacamere;6273;17022;2995;8912;9268;25934
2011;AL;SETTORE EXTRALBERGHIERO;Casa per ferie;1114;4695;157;1020;1271;5715
2011;CN;SETTORE EXTRALBERGHIERO;Campeggio;24468;131916;6956;28527;31424;160443
2021;TO;SETTORE EXTRALBERGHIERO;Agriturismo;8109;19189;2226;6256;10335;25445
2005;AT;SETTORE ALBERGHIERO;Albergo;32624;57744;22715;50405;55339;108149
2007;BI;SETTORE EXTRALBERGHIERO;CAV - Residence;418;9083;253;3300;671;12383
2013;NO;SETTORE EXTRALBERGHIERO;CAV - Residence;643;4503;1489;7907;2132;12410
2016;AL;SETTORE EXTRALBERGHIERO;Ostello;3222;9860;2719;6671;5941;16531
2020;BI;SETTORE EXTRALBERGHIERO;Bed & Breakfast;4145;8812;810;2240;4955;11052
2020;TO;SETTORE EXTRALBERGHIERO;Alloggio Vacanze;330;1268;130;636;460;1904
2005;VB;SETTORE EXTRALBERGHIERO;Bed & Breakfast;390;829;468;1785;858;2614
2007;TO;SETTORE ALBERGHIERO;Albergo;917526;1892147;226679;709818;1144205;2601965
2013;CN;SETTORE EXTRALBERGHIERO;CAV - Residence;6712;52448;4899;28851;11611;81299
2018;TO;SETTORE EXTRALBERGHIERO;Campeggio;80879;236736;6054;15183;86933;251919
2019;VC;SETTORE EXTRALBERGHIERO;CAV - Residence;10849;62553;5085;27434;15934;89987
2005;BI;SETTORE EXTRALBERGHIERO;Bed & Breakfast;291;588;112;416;403;1004
2011;NO;SETTORE EXTRALBERGHIERO;Bed & Breakfast;1769;3488;1692;4323;3461;7811
2020;TO;SETTORE EXTRALBERGHIERO;CAV - Residence;29334;145850;11816;51869;41150;197719
2020;VB;SETTORE EXTRALBERGHIERO;Affittacamere;7172;15363;4138;9016;11310;24379
2020;VB;SETTORE EXTRALBERGHIERO;Casa per ferie;4578;15347;1864;6129;6442;21476
2021;AL;SETTORE EXTRALBERGHIERO;Alloggio Vacanze;477;897;457;2649;934;3546
2021;CN;SETTORE EXTRALBERGHIERO;Agriturismi (senza ricettività);0;0;null;null;0;0
2021;TO;SETTORE EXTRALBERGHIERO;Country house;928;2024;606;1903;1534;3927
2009;NO;SETTORE ALBERGHIERO;Residenza Turistico Alberghiera (R.T.A.);5839;29602;6305;38484;12144;68086
2011;CN;SETTORE EXTRALBERGHIERO;Affittacamere;15988;34467;16173;47117;32161;81584
2011;CN;SETTORE EXTRALBERGHIERO;Casa per ferie;13956;81099;879;8985;14835;90084
2016;VB;SETTORE EXTRALBERGHIERO;Agriturismo;1558;3189;1993;5481;3551;8670
2017;VC;SETTORE EXTRALBERGHIERO;Affittacamere;3992;12446;1764;4894;5756;17340
2017;VC;SETTORE EXTRALBERGHIERO;Casa per ferie;1837;12074;70;358;1907;12432
2019;AL;SETTORE EXTRALBERGHIERO;Bed & Breakfast;10785;16156;9627;16447;20412;32603
2019;BI;SETTORE EXTRALBERGHIERO;Agriturismi (senza ricettività);0;0;0;0;0;0
2010;TO;SETTORE EXTRALBERGHIERO;Agriturismo;2914;9671;789;2528;3703;12199
2013;CN;SETTORE EXTRALBERGHIERO;Rifugio escursionistico;3946;6744;2570;3489;6516;10233
2015;VB;SETTORE EXTRALBERGHIERO;Alloggio Vacanze;299;686;1205;5627;1504;6313
2016;AT;SETTORE EXTRALBERGHIERO;Affittacamere;6907;15601;5475;16278;12382;31879
2016;AT;SETTORE EXTRALBERGHIERO;Casa per ferie;3084;5302;1225;4303;4309;9605
2016;CN;SETTORE EXTRALBERGHIERO;Ostello;722;1667;166;795;888;2462
2017;BI;SETTORE ALBERGHIERO;Albergo;35961;86977;17576;39491;53537;126468
2018;TO;SETTORE EXTRALBERGHIERO;Rifugio alpino;5591;6829;1076;1277;6667;8106
2019;VC;SETTORE EXTRALBERGHIERO;Rifugio escursionistico;558;2370;80;387;638;2757
2007;TO;SETTORE EXTRALBERGHIERO;Bed & Breakfast;4274;9718;1436;4785;5710;14503
2010;AL;SETTORE EXTRALBERGHIERO;CAV - Residence;1865;6097;460;2241;2325;8338
2013;NO;SETTORE ALBERGHIERO;Residenza Turistico Alberghiera (R.T.A.);2510;14158;8133;39892;10643;54050
2015;CN;SETTORE EXTRALBERGHIERO;Affittacamere;21866;41021;21953;58604;43819;99625
2015;CN;SETTORE EXTRALBERGHIERO;Casa per ferie;13377;70760;1639;6850;15016;77610
2020;VB;SETTORE EXTRALBERGHIERO;Agriturismo;2078;4117;1198;3332;3276;7449
2021;VC;SETTORE EXTRALBERGHIERO;Affittacamere;3124;6890;701;1460;3825;8350
2021;VC;SETTORE EXTRALBERGHIERO;Casa per ferie;617;3131;211;1656;828;4787
2005;VB;SETTORE EXTRALBERGHIERO;Agriturismo;154;482;16;75;170;557
2006;VC;SETTORE EXTRALBERGHIERO;Affittacamere;1232;6352;606;4535;1838;10887
2006;VC;SETTORE EXTRALBERGHIERO;Casa per ferie;1043;20227;213;2023;1256;22250
2008;AL;SETTORE EXTRALBERGHIERO;Bed & Breakfast;2670;5674;1252;3400;3922;9074
2011;AT;SETTORE EXTRALBERGHIERO;CAV - Residence;453;2873;750;5282;1203;8155
2013;VB;SETTORE EXTRALBERGHIERO;Rifugio alpino;16;16;15;15;31;31
2020;TO;SETTORE ALBERGHIERO;Residenza Turistico Alberghiera (R.T.A.);36240;150006;13757;66057;49997;216063
2006;AL;SETTORE EXTRALBERGHIERO;Affittacamere;1890;4958;1239;4364;3129;9322
2006;CN;SETTORE EXTRALBERGHIERO;Campeggio;21993;110661;5163;19332;27156;129993
2016;TO;SETTORE EXTRALBERGHIERO;Agriturismo;11033;28969;2581;7058;13614;36027
2019;CN;SETTORE EXTRALBERGHIERO;Rifugio escursionistico;3927;8495;3481;5340;7408;13835
2021;VB;SETTORE EXTRALBERGHIERO;Alloggio Vacanze;640;2366;687;3238;1327;5604
2008;CN;SETTORE EXTRALBERGHIERO;CAV - Residence;2176;21939;1823;12686;3999;34625
2013;TO;SETTORE EXTRALBERGHIERO;Campeggio;107667;559690;5529;27825;113196;587515
2014;VC;SETTORE EXTRALBERGHIERO;CAV - Residence;1833;33206;1486;13297;3319;46503
2018;AL;SETTORE ALBERGHIERO;Albergo;142024;271231;95739;189435;237763;460666
2021;CN;SETTORE EXTRALBERGHIERO;Bed & Breakfast;18034;35343;6197;14737;24231;50080
2011;TO;SETTORE ALBERGHIERO;Residenza Turistico Alberghiera (R.T.A.);120174;384701;9207;63274;129381;447975
2015;AT;SETTORE EXTRALBERGHIERO;Bed & Breakfast;6868;11118;4980;13697;11848;24815
2017;CN;SETTORE EXTRALBERGHIERO;Agriturismo;36888;64919;40541;115728;77429;180647
2019;BI;SETTORE EXTRALBERGHIERO;Affittacamere;1444;2660;362;728;1806;3388
2019;BI;SETTORE EXTRALBERGHIERO;Casa per ferie;10334;20065;2555;4833;12889;24898
2010;CN;SETTORE EXTRALBERGHIERO;Rifugio alpino;6940;14365;1522;2199;8462;16564
2010;NO;SETTORE EXTRALBERGHIERO;Affittacamere;1366;6926;1053;4825;2419;11751
2016;VB;SETTORE ALBERGHIERO;Albergo;149686;341883;363362;1062482;513048;1404365
2016;VC;SETTORE EXTRALBERGHIERO;Rifugio alpino;2585;3114;3391;4246;5976;7360
2012;VB;SETTORE EXTRALBERGHIERO;Campeggio;24076;93262;103727;658770;127803;752032
2015;BI;SETTORE EXTRALBERGHIERO;Agriturismo;1201;3083;575;2429;1776;5512
2017;TO;SETTORE EXTRALBERGHIERO;Affittacamere;19080;57013;7933;21289;27013;78302
2017;TO;SETTORE EXTRALBERGHIERO;Casa per ferie;94532;912871;26436;254896;120968;1167767
2021;NO;SETTORE EXTRALBERGHIERO;Agriturismo;3412;7516;2222;6324;5634;13840
2013;TO;SETTORE EXTRALBERGHIERO;CAV - Residence;31390;201452;13698;112941;45088;314393
2013;VB;SETTORE EXTRALBERGHIERO;Affittacamere;4760;11814;4573;11121;9333;22935
2013;VB;SETTORE EXTRALBERGHIERO;Casa per ferie;11397;54778;1000;2398;12397;57176
2020;VC;SETTORE EXTRALBERGHIERO;Agriturismi (senza ricettività);0;0;null;null;0;0
2005;TO;SETTORE ALBERGHIERO;Residenza Turistico Alberghiera (R.T.A.);17250;161962;8390;95891;25640;257853
2009;AT;SETTORE EXTRALBERGHIERO;Bed & Breakfast;2693;5509;1987;6227;4680;11736
2011;CN;SETTORE EXTRALBERGHIERO;Agriturismo;25942;58797;24479;72657;50421;131454
2013;BI;SETTORE EXTRALBERGHIERO;Affittacamere;1316;2024;409;693;1725;2717
2013;BI;SETTORE EXTRALBERGHIERO;Casa per ferie;9464;21088;2215;4204;11679;25292
2017;VC;SETTORE EXTRALBERGHIERO;Agriturismo;1876;3784;383;840;2259;4624
2019;CN;SETTORE EXTRALBERGHIERO;Rifugio alpino;6355;28529;607;1729;6962;30258
2019;NO;SETTORE EXTRALBERGHIERO;Affittacamere;9398;34845;5564;14660;14962;49505
2019;NO;SETTORE EXTRALBERGHIERO;Casa per ferie;3126;14027;805;4461;3931;18488
2021;TO;SETTORE EXTRALBERGHIERO;Agriturismi (senza ricettività);0;0;null;null;0;0
2009;VB;SETTORE EXTRALBERGHIERO;Agriturismo;569;1263;66;178;635;1441
2010;VC;SETTORE EXTRALBERGHIERO;Affittacamere;2632;10574;1020;3652;3652;14226
2010;VC;SETTORE EXTRALBERGHIERO;Casa per ferie;2915;29622;106;4536;3021;34158
2012;AL;SETTORE EXTRALBERGHIERO;Bed & Breakfast;4302;7764;3270;6118;7572;13882
2015;AT;SETTORE EXTRALBERGHIERO;CAV - Residence;2021;7757;2324;14418;4345;22175
2017;VB;SETTORE EXTRALBERGHIERO;Rifugio alpino;5237;5983;3187;3758;8424;9741
2008;NO;SETTORE EXTRALBERGHIERO;Bed & Breakfast;952;2363;516;1157;1468;3520
2017;TO;SETTORE EXTRALBERGHIERO;CAV - Residence;60428;288866;24136;111547;84564;400413
2017;VB;SETTORE EXTRALBERGHIERO;Affittacamere;7182;15144;7877;17779;15059;32923
2017;VB;SETTORE EXTRALBERGHIERO;Casa per ferie;9935;42380;3063;11565;12998;53945
2018;AL;SETTORE EXTRALBERGHIERO;Alloggio Vacanze;271;546;668;3064;939;3610
2006;VB;SETTORE EXTRALBERGHIERO;Campeggio;32320;130353;123726;799034;156046;929387
2009;BI;SETTORE EXTRALBERGHIERO;Agriturismo;691;2990;82;258;773;3248
2011;TO;SETTORE EXTRALBERGHIERO;Affittacamere;5917;30252;2195;7648;8112;37900
2011;TO;SETTORE EXTRALBERGHIERO;Casa per ferie;102808;514051;6071;69727;108879;583778
2015;NO;SETTORE EXTRALBERGHIERO;Agriturismo;3918;9989;3592;8543;7510;18532
2016;CN;SETTORE ALBERGHIERO;Albergo;233433;567087;150774;364425;384207;931512
2017;BI;SETTORE EXTRALBERGHIERO;Rifugio alpino;907;1233;681;687;1588;1920
2008;CN;SETTORE EXTRALBERGHIERO;Rifugio alpino;8223;22726;1704;1798;9927;24524
2008;NO;SETTORE EXTRALBERGHIERO;Affittacamere;1742;8948;1237;4541;2979;13489
2014;VB;SETTORE ALBERGHIERO;Albergo;128651;311029;346326;1031858;474977;1342887
2014;VC;SETTORE EXTRALBERGHIERO;Rifugio alpino;2170;2883;2602;3467;4772;6350
2007;TO;SETTORE EXTRALBERGHIERO;Agriturismo;2590;7235;548;1575;3138;8810
2010;CN;SETTORE EXTRALBERGHIERO;Rifugio escursionistico;2961;5888;1791;2516;4752;8404
2013;AT;SETTORE EXTRALBERGHIERO;Affittacamere;4264;10295;3299;11218;7563;21513
2013;AT;SETTORE EXTRALBERGHIERO;Casa per ferie;3897;8558;1319;4665;5216;13223
2014;BI;SETTORE ALBERGHIERO;Albergo;29838;76992;13460;29147;43298;106139
2015;TO;SETTORE EXTRALBERGHIERO;Rifugio alpino;4973;8210;872;1114;5845;9324
2016;VC;SETTORE EXTRALBERGHIERO;Rifugio escursionistico;747;2224;135;484;882;2708
2020;NO;SETTORE ALBERGHIERO;Albergo;127684;240352;37507;93431;165191;333783
2006;BI;SETTORE EXTRALBERGHIERO;Bed & Breakfast;491;1414;240;777;731;2191
2012;NO;SETTORE EXTRALBERGHIERO;Bed & Breakfast;2168;4035;2206;5090;4374;9125
2021;TO;SETTORE EXTRALBERGHIERO;CAV - Residence;25574;155650;7274;41442;32848;197092
2021;VB;SETTORE EXTRALBERGHIERO;Affittacamere;7680;16558;6201;15494;13881;32052
2021;VB;SETTORE EXTRALBERGHIERO;Casa per ferie;5097;19682;2428;7677;7525;27359
2008;NO;SETTORE EXTRALBERGHIERO;Campeggio;37794;182892;15445;78548;53239;261440
2016;AT;SETTORE EXTRALBERGHIERO;Agriturismo;16086;32174;15536;48453;31622;80627
2017;VB;SETTORE EXTRALBERGHIERO;Bed & Breakfast;8969;16618;13053;32279;22022;48897
2019;TO;SETTORE ALBERGHIERO;Albergo;1214689;2316720;598522;1611750;1813211;3928470
2005;VC;SETTORE EXTRALBERGHIERO;Bed & Breakfast;437;875;158;310;595;1185
2006;VB;SETTORE ALBERGHIERO;Residenza Turistico Alberghiera (R.T.A.);4969;24297;11869;54349;16838;78646
2007;TO;SETTORE EXTRALBERGHIERO;Ostello;8295;19447;5788;27867;14083;47314
2012;AT;SETTORE ALBERGHIERO;Albergo;34141;65397;27424;63762;61565;129159
2014;BI;SETTORE EXTRALBERGHIERO;CAV - Residence;1906;15178;850;8454;2756;23632
2020;NO;SETTORE EXTRALBERGHIERO;CAV - Residence;3192;14873;2446;14984;5638;29857
2012;TO;SETTORE EXTRALBERGHIERO;CAV - Residence;23471;183580;10829;78067;34300;261647
2012;VB;SETTORE EXTRALBERGHIERO;Affittacamere;4022;11707;4640;11555;8662;23262
2012;VB;SETTORE EXTRALBERGHIERO;Casa per ferie;9142;48466;984;2439;10126;50905
2019;VC;SETTORE EXTRALBERGHIERO;Agriturismi (senza ricettività);0;0;null;null;0;0
2010;NO;SETTORE EXTRALBERGHIERO;CAV - Residence;265;1033;1006;5825;1271;6858
2013;AL;SETTORE EXTRALBERGHIERO;Ostello;2310;7576;1231;14167;3541;21743
2017;BI;SETTORE EXTRALBERGHIERO;Bed & Breakfast;4934;9177;2465;5357;7399;14534
2017;CN;SETTORE ALBERGHIERO;Residenza Turistico Alberghiera (R.T.A.);2654;10195;2012;7628;4666;17823
2017;TO;SETTORE EXTRALBERGHIERO;Alloggio Vacanze;926;2797;789;2262;1715;5059
2010;TO;SETTORE EXTRALBERGHIERO;Bed & Breakfast;6719;17429;1541;4479;8260;21908
2013;AL;SETTORE EXTRALBERGHIERO;CAV - Residence;3806;10621;3340;10755;7146;21376
2016;NO;SETTORE ALBERGHIERO;Residenza Turistico Alberghiera (R.T.A.);1205;9613;2267;21355;3472;30968
2018;CN;SETTORE EXTRALBERGHIERO;Affittacamere;30390;53800;29372;74687;59762;128487
2018;CN;SETTORE EXTRALBERGHIERO;Casa per ferie;8978;46901;815;5222;9793;52123
2009;TO;SETTORE ALBERGHIERO;Residenza Turistico Alberghiera (R.T.A.);69438;230016;5830;46757;75268;276773
2013;AT;SETTORE EXTRALBERGHIERO;Bed & Breakfast;5163;10110;3420;9381;8583;19491
2015;CN;SETTORE EXTRALBERGHIERO;Agriturismo;29401;56021;33788;93885;63189;149906
2017;BI;SETTORE EXTRALBERGHIERO;Affittacamere;1421;2476;603;988;2024;3464
2017;BI;SETTORE EXTRALBERGHIERO;Casa per ferie;10683;24090;2957;6255;13640;30345
2021;VC;SETTORE EXTRALBERGHIERO;Agriturismo;2888;7636;414;872;3302;8508
2007;VC;SETTORE ALBERGHIERO;Albergo;33105;122053;11822;45885;44927;167938
2012;AL;SETTORE EXTRALBERGHIERO;Affittacamere;6658;16009;3324;7085;9982;23094
2012;AL;SETTORE EXTRALBERGHIERO;Casa per ferie;3418;16605;380;1277;3798;17882
2012;CN;SETTORE EXTRALBERGHIERO;Campeggio;23275;121982;7009;27237;30284;149219
2018;VC;SETTORE EXTRALBERGHIERO;Campeggio;2978;11036;458;1805;3436;12841
2014;TO;SETTORE EXTRALBERGHIERO;Bed & Breakfast;12182;27659;3499;8334;15681;35993
2017;AL;SETTORE EXTRALBERGHIERO;CAV - Residence;6522;21741;3558;9494;10080;31235
2018;AT;SETTORE EXTRALBERGHIERO;Alloggio Vacanze;606;1455;1191;4763;1797;6218
2020;NO;SETTORE ALBERGHIERO;Residenza Turistico Alberghiera (R.T.A.);242;3833;1186;9362;1428;13195
2006;AT;SETTORE ALBERGHIERO;Albergo;35090;69157;26514;59971;61604;129128
2008;BI;SETTORE EXTRALBERGHIERO;CAV - Residence;642;10651;327;2663;969;13314
2014;NO;SETTORE EXTRALBERGHIERO;CAV - Residence;670;2701;3138;15900;3808;18601
2017;AL;SETTORE EXTRALBERGHIERO;Ostello;3375;9794;1160;1651;4535;11445
2021;BI;SETTORE EXTRALBERGHIERO;Bed & Breakfast;5849;10505;1616;4556;7465;15061
2021;TO;SETTORE EXTRALBERGHIERO;Alloggio Vacanze;327;1239;102;417;429;1656
2010;VC;SETTORE ALBERGHIERO;Albergo;35563;102155;10974;30776;46537;132931
2015;AL;SETTORE EXTRALBERGHIERO;Affittacamere;7143;19642;3636;7474;10779;27116
2015;AL;SETTORE EXTRALBERGHIERO;Casa per ferie;2589;13277;578;1644;3167;14921
2015;CN;SETTORE EXTRALBERGHIERO;Campeggio;28152;126732;8628;27778;36780;154510
2021;VC;SETTORE EXTRALBERGHIERO;Campeggio;5389;18115;699;1858;6088;19973
2014;TO;SETTORE EXTRALBERGHIERO;Agriturismo;5328;16056;1550;7198;6878;23254
2017;CN;SETTORE EXTRALBERGHIERO;Rifugio escursionistico;4149;6758;3671;5528;7820;12286
2019;VB;SETTORE EXTRALBERGHIERO;Alloggio Vacanze;1307;3458;2388;7569;3695;11027
2020;AT;SETTORE EXTRALBERGHIERO;Affittacamere;4520;10088;2366;7116;6886;17204
2020;AT;SETTORE EXTRALBERGHIERO;Casa per ferie;527;833;5;19;532;852
2020;CN;SETTORE EXTRALBERGHIERO;Ostello;883;2307;96;236;979;2543
2021;BI;SETTORE ALBERGHIERO;Albergo;26045;60031;7112;19377;33157;79408
2005;NO;SETTORE ALBERGHIERO;Albergo;132149;268378;104075;207034;236224;475412
2008;AL;SETTORE EXTRALBERGHIERO;Agriturismo;8308;22860;4079;12431;12387;35291
2010;BI;SETTORE EXTRALBERGHIERO;Campeggio;6214;20322;1090;2799;7304;23121
2012;VB;SETTORE EXTRALBERGHIERO;CAV - Residence;4218;35408;24808;159554;29026;194962
2016;NO;SETTORE EXTRALBERGHIERO;Campeggio;25507;107263;27930;128279;53437;235542
2018;CN;SETTORE EXTRALBERGHIERO;Alloggio Vacanze;1957;17325;1620;6594;3577;23919
2010;AT;SETTORE ALBERGHIERO;Albergo;35191;66371;25742;64205;60933;130576
2012;BI;SETTORE EXTRALBERGHIERO;CAV - Residence;1447;20786;846;7859;2293;28645
2018;NO;SETTORE EXTRALBERGHIERO;CAV - Residence;2864;9981;4846;22100;7710;32081
2020;VB;SETTORE EXTRALBERGHIERO;Agriturismi (senza ricettività);0;0;null;null;0;0
2021;AL;SETTORE EXTRALBERGHIERO;Ostello;1066;4235;246;386;1312;4621
2013;TO;SETTORE ALBERGHIERO;Residenza Turistico Alberghiera (R.T.A.);120936;418516;14192;93064;135128;511580
2017;AT;SETTORE EXTRALBERGHIERO;Bed & Breakfast;7377;12689;5802;16602;13179;29291
2019;CN;SETTORE EXTRALBERGHIERO;Agriturismo;41830;72346;38674;105372;80504;177718
2021;BI;SETTORE EXTRALBERGHIERO;Affittacamere;2241;3917;468;883;2709;4800
2021;BI;SETTORE EXTRALBERGHIERO;Casa per ferie;7525;14866;771;1110;8296;15976
2006;BI;SETTORE EXTRALBERGHIERO;Agriturismo;836;3101;98;692;934;3793
2008;TO;SETTORE EXTRALBERGHIERO;Affittacamere;4512;45613;1140;6846;5652;52459
2008;TO;SETTORE EXTRALBERGHIERO;Casa per ferie;66980;522360;5723;41426;72703;563786
2012;NO;SETTORE EXTRALBERGHIERO;Agriturismo;2243;6447;2173;6040;4416;12487
2013;CN;SETTORE ALBERGHIERO;Albergo;227104;591101;145778;356250;372882;947351
2014;BI;SETTORE EXTRALBERGHIERO;Rifugio alpino;739;740;711;711;1450;1451
2019;VC;SETTORE ALBERGHIERO;Albergo;42935;93930;14598;33016;57533;126946
2020;AT;SETTORE EXTRALBERGHIERO;Agriturismi (senza ricettività);0;0;null;null;0;0
2007;AL;SETTORE EXTRALBERGHIERO;CAV - Residence;1303;11969;346;2139;1649;14108
2010;NO;SETTORE ALBERGHIERO;Residenza Turistico Alberghiera (R.T.A.);6527;23752;6453;41782;12980;65534
2012;CN;SETTORE EXTRALBERGHIERO;Affittacamere;17733;39113;18616;51217;36349;90330
2012;CN;SETTORE EXTRALBERGHIERO;Casa per ferie;13896;74603;934;8002;14830;82605
2017;VB;SETTORE EXTRALBERGHIERO;Agriturismo;2322;5664;2240;6613;4562;12277
2018;VC;SETTORE EXTRALBERGHIERO;Affittacamere;4072;11439;2013;4935;6085;16374
2018;VC;SETTORE EXTRALBERGHIERO;Casa per ferie;1524;11769;27;145;1551;11914
2020;AL;SETTORE EXTRALBERGHIERO;Bed & Breakfast;6523;13125;3648;6756;10171;19881
2020;BI;SETTORE EXTRALBERGHIERO;Agriturismi (senza ricettività);0;0;null;null;0;0
2005;TO;SETTORE ALBERGHIERO;Albergo;897992;1991135;519075;1349780;1417067;3340915
2011;CN;SETTORE EXTRALBERGHIERO;CAV - Residence;3354;39095;3685;22253;7039;61348
2016;TO;SETTORE EXTRALBERGHIERO;Campeggio;119082;389948;7629;35425;126711;425373
2017;VC;SETTORE EXTRALBERGHIERO;CAV - Residence;3023;40077;2390;17879;5413;57956
2021;AL;SETTORE ALBERGHIERO;Albergo;78470;160396;36984;84208;115454;244604
2021;CN;SETTORE EXTRALBERGHIERO;Rifugio non gestito;14;56;3;16;17;72
2011;TO;SETTORE EXTRALBERGHIERO;Agriturismo;3006;8328;934;3946;3940;12274
2014;CN;SETTORE EXTRALBERGHIERO;Rifugio escursionistico;3460;6726;3125;4215;6585;10941
2016;VB;SETTORE EXTRALBERGHIERO;Alloggio Vacanze;404;1009;1299;5033;1703;6042
2017;AT;SETTORE EXTRALBERGHIERO;Affittacamere;7456;16409;7025;19497;14481;35906
2017;AT;SETTORE EXTRALBERGHIERO;Casa per ferie;4246;7405;2028;4846;6274;12251
2017;CN;SETTORE EXTRALBERGHIERO;Ostello;1100;3596;227;887;1327;4483
2018;BI;SETTORE ALBERGHIERO;Albergo;35413;78464;18038;39488;53451;117952
2019;TO;SETTORE EXTRALBERGHIERO;Rifugio alpino;1474;1901;364;609;1838;2510
2020;VC;SETTORE EXTRALBERGHIERO;Rifugio escursionistico;684;1337;145;541;829;1878
2010;BI;SETTORE EXTRALBERGHIERO;Bed & Breakfast;1366;2613;442;1315;1808;3928
2010;CN;SETTORE ALBERGHIERO;Residenza Turistico Alberghiera (R.T.A.);1222;6473;699;5883;1921;12356
2016;NO;SETTORE EXTRALBERGHIERO;Bed & Breakfast;5114;8926;5383;13048;10497;21974
2010;TO;SETTORE EXTRALBERGHIERO;CAV - Residence;30047;207909;3255;55737;33302;263646
2010;VB;SETTORE EXTRALBERGHIERO;Affittacamere;4464;13743;2845;7774;7309;21517
2010;VB;SETTORE EXTRALBERGHIERO;Casa per ferie;7932;46841;503;1832;8435;48673
2020;TO;SETTORE EXTRALBERGHIERO;Rifugio non gestito;0;0;null;null;0;0
2008;NO;SETTORE EXTRALBERGHIERO;Agriturismo;979;2715;504;1713;1483;4428
2009;CN;SETTORE ALBERGHIERO;Albergo;212898;566235;121903;303854;334801;870089
2010;BI;SETTORE EXTRALBERGHIERO;Rifugio alpino;993;1102;367;369;1360;1471
2015;VC;SETTORE ALBERGHIERO;Albergo;43006;102374;15246;39826;58252;142200
2020;AL;SETTORE EXTRALBERGHIERO;Affittacamere;4619;11302;1617;3192;6236;14494
2020;AL;SETTORE EXTRALBERGHIERO;Casa per ferie;1351;5147;664;1933;2015;7080
2020;CN;SETTORE EXTRALBERGHIERO;Campeggio;38068;153031;4884;11590;42952;164621
2011;VB;SETTORE EXTRALBERGHIERO;Campeggio;29911;113303;130724;857194;160635;970497
2014;BI;SETTORE EXTRALBERGHIERO;Agriturismo;1231;4895;430;3154;1661;8049
2016;TO;SETTORE EXTRALBERGHIERO;Affittacamere;14966;41696;7095;17399;22061;59095
2016;TO;SETTORE EXTRALBERGHIERO;Casa per ferie;76841;850689;11601;253229;88442;1103918
2020;NO;SETTORE EXTRALBERGHIERO;Agriturismo;2943;6215;1556;3504;4499;9719
2021;CN;SETTORE ALBERGHIERO;Albergo;147956;300101;65751;148094;213707;448195
2007;VB;SETTORE ALBERGHIERO;Albergo;149709;383081;311764;931800;461473;1314881
2007;VC;SETTORE EXTRALBERGHIERO;Rifugio alpino;2065;2156;2141;2189;4206;4345
2018;VB;SETTORE EXTRALBERGHIERO;Campeggio;24060;79093;116493;737193;140553;816286
2019;AL;SETTORE EXTRALBERGHIERO;Agriturismi (senza ricettività);0;0;null;null;0;0
2020;TO;SETTORE EXTRALBERGHIERO;Bivacco fisso;0;0;null;null;0;0
2021;BI;SETTORE EXTRALBERGHIERO;Agriturismo;3652;7525;1237;3130;4889;10655
2005;TO;SETTORE EXTRALBERGHIERO;Campeggio;40368;167236;7369;27808;47737;195044
2010;AL;SETTORE ALBERGHIERO;Albergo;165320;373263;77840;150372;243160;523635
2013;CN;SETTORE EXTRALBERGHIERO;Bed & Breakfast;6344;13158;3709;10698;10053;23856
2018;TO;SETTORE EXTRALBERGHIERO;Rifugio escursionistico;4203;8032;384;728;4587;8760
2019;VC;SETTORE EXTRALBERGHIERO;Bed & Breakfast;1487;2766;521;1622;2008;4388
2020;VB;SETTORE ALBERGHIERO;Residenza Turistico Alberghiera (R.T.A.);5365;23580;7320;25972;12685;49552
2021;AL;SETTORE EXTRALBERGHIERO;Campeggio;2151;7580;2877;23519;5028;31099
2021;TO;SETTORE EXTRALBERGHIERO;Ostello;14281;68822;5868;63019;20149;131841
2007;TO;SETTORE EXTRALBERGHIERO;CAV - Residence;15481;188755;3384;57473;18865;246228
2007;VB;SETTORE EXTRALBERGHIERO;Affittacamere;3325;12958;2761;8132;6086;21090
2007;VB;SETTORE EXTRALBERGHIERO;Casa per ferie;5019;28634;363;1409;5382;30043
2020;TO;SETTORE EXTRALBERGHIERO;Bed & Breakfast;9548;23302;2780;6049;12328;29351
2006;VB;SETTORE EXTRALBERGHIERO;Agriturismo;248;670;67;98;315;768
2007;VC;SETTORE EXTRALBERGHIERO;Affittacamere;1363;6577;638;4583;2001;11160
2007;VC;SETTORE EXTRALBERGHIERO;Casa per ferie;622;20372;140;1051;762;21423
2009;AL;SETTORE EXTRALBERGHIERO;Bed & Breakfast;2674;5134;1468;4444;4142;9578
2012;AT;SETTORE EXTRALBERGHIERO;CAV - Residence;625;3436;896;5707;1521;9143
2021;TO;SETTORE ALBERGHIERO;Residenza Turistico Alberghiera (R.T.A.);55667;300826;11889;49376;67556;350202
2010;AT;SETTORE EXTRALBERGHIERO;Agriturismo;11829;26095;9808;33206;21637;59301
2011;VB;SETTORE EXTRALBERGHIERO;Bed & Breakfast;3265;6501;3467;10005;6732;16506
2013;TO;SETTORE ALBERGHIERO;Albergo;1295441;2874721;322934;931467;1618375;3806188
2019;CN;SETTORE EXTRALBERGHIERO;CAV - Residence;26616;105768;18132;62916;44748;168684
2020;CN;SETTORE EXTRALBERGHIERO;Country house;60;105;87;360;147;465
2012;TO;SETTORE EXTRALBERGHIERO;Agriturismo;3926;10811;1415;4368;5341;15179
2015;CN;SETTORE EXTRALBERGHIERO;Rifugio escursionistico;4118;8265;3640;5504;7758;13769
2017;VB;SETTORE EXTRALBERGHIERO;Alloggio Vacanze;767;2174;1511;5812;2278;7986
2018;AT;SETTORE EXTRALBERGHIERO;Affittacamere;7310;16048;5755;18721;13065;34769
2018;AT;SETTORE EXTRALBERGHIERO;Casa per ferie;3767;6362;1379;4043;5146;10405
2018;CN;SETTORE EXTRALBERGHIERO;Ostello;750;1661;216;759;966;2420
2019;BI;SETTORE ALBERGHIERO;Albergo;38845;82992;18075;38879;56920;121871
2020;TO;SETTORE EXTRALBERGHIERO;Rifugio alpino;5641;6735;326;369;5967;7104
2021;VC;SETTORE EXTRALBERGHIERO;Rifugio escursionistico;621;1032;210;235;831;1267
2005;VB;SETTORE EXTRALBERGHIERO;CAV - Residence;1647;7981;12525;105359;14172;113340
2009;NO;SETTORE EXTRALBERGHIERO;Campeggio;38664;168315;17787;90259;56451;258574
2016;BI;SETTORE EXTRALBERGHIERO;Rifugio escursionistico;1143;1507;334;746;1477;2253
2017;AT;SETTORE EXTRALBERGHIERO;Agriturismo;17068;34568;17354;55965;34422;90533
2018;VB;SETTORE EXTRALBERGHIERO;Bed & Breakfast;9397;17656;12470;30134;21867;47790
2020;TO;SETTORE ALBERGHIERO;Albergo;531561;1094312;187461;537236;719022;1631548
2005;BI;SETTORE EXTRALBERGHIERO;Agriturismo;673;2641;109;763;782;3404
2007;TO;SETTORE EXTRALBERGHIERO;Affittacamere;3980;31642;631;5783;4611;37425
2007;TO;SETTORE EXTRALBERGHIERO;Casa per ferie;45628;358909;11298;68461;56926;427370
2011;NO;SETTORE EXTRALBERGHIERO;Agriturismo;1212;4967;913;2895;2125;7862
2012;CN;SETTORE ALBERGHIERO;Albergo;228090;587300;139618;341386;367708;928686
2013;BI;SETTORE EXTRALBERGHIERO;Rifugio alpino;961;1053;698;709;1659;1762
2018;VC;SETTORE ALBERGHIERO;Albergo;39137;81826;12330;28391;51467;110217
2019;AT;SETTORE EXTRALBERGHIERO;Agriturismi (senza ricettività);0;0;null;null;0;0
2012;TO;SETTORE EXTRALBERGHIERO;Bed & Breakfast;9375;20604;2344;6375;11719;26979
2015;AL;SETTORE EXTRALBERGHIERO;CAV - Residence;5349;19702;2980;8116;8329;27818
2016;AT;SETTORE EXTRALBERGHIERO;Alloggio Vacanze;949;2022;846;2940;1795;4962
2018;NO;SETTORE ALBERGHIERO;Residenza Turistico Alberghiera (R.T.A.);1021;6029;3612;36568;4633;42597
2020;CN;SETTORE EXTRALBERGHIERO;Affittacamere;24200;45557;10628;23837;34828;69394
2020;CN;SETTORE EXTRALBERGHIERO;Casa per ferie;3075;18969;260;585;3335;19554
2009;NO;SETTORE EXTRALBERGHIERO;Bed & Breakfast;1105;2895;810;2030;1915;4925
2018;TO;SETTORE EXTRALBERGHIERO;CAV - Residence;54839;278519;30367;154353;85206;432872
2018;VB;SETTORE EXTRALBERGHIERO;Affittacamere;7509;16333;7757;19242;15266;35575
2018;VB;SETTORE EXTRALBERGHIERO;Casa per ferie;11742;49634;4195;16741;15937;66375
2019;AL;SETTORE EXTRALBERGHIERO;Alloggio Vacanze;364;555;552;2552;916;3107
2019;CN;SETTORE EXTRALBERGHIERO;Agriturismi (senza ricettività);0;0;0;0;0;0
2011;TO;SETTORE EXTRALBERGHIERO;Bed & Breakfast;6533;16964;1258;3470;7791;20434
2014;AL;SETTORE EXTRALBERGHIERO;CAV - Residence;6262;18739;4005;12220;10267;30959
2015;AT;SETTORE EXTRALBERGHIERO;Alloggio Vacanze;502;1283;400;1138;902;2421
2017;NO;SETTORE ALBERGHIERO;Residenza Turistico Alberghiera (R.T.A.);1657;9905;4621;34577;6278;44482
2019;CN;SETTORE EXTRALBERGHIERO;Affittacamere;34937;58473;30260;70050;65197;128523
2019;CN;SETTORE EXTRALBERGHIERO;Casa per ferie;11932;51524;1116;3336;13048;54860
2005;AT;SETTORE EXTRALBERGHIERO;Agriturismo;8004;21066;6740;21644;14744;42710
2006;VB;SETTORE EXTRALBERGHIERO;Bed & Breakfast;882;1636;730;2056;1612;3692
2008;TO;SETTORE ALBERGHIERO;Albergo;1000520;2634035;209607;656966;1210127;3291001
2014;CN;SETTORE EXTRALBERGHIERO;CAV - Residence;9433;58774;6536;37129;15969;95903
2019;TO;SETTORE EXTRALBERGHIERO;Campeggio;183868;751395;7463;20924;191331;772319
2020;VC;SETTORE EXTRALBERGHIERO;CAV - Residence;6967;36086;1546;8788;8513;44874
2016;TO;SETTORE EXTRALBERGHIERO;Bed & Breakfast;19987;42000;6832;14773;26819;56773
2019;AL;SETTORE EXTRALBERGHIERO;CAV - Residence;8241;23068;4714;13670;12955;36738
2020;AT;SETTORE EXTRALBERGHIERO;Alloggio Vacanze;183;419;271;997;454;1416
2010;VB;SETTORE EXTRALBERGHIERO;Campeggio;29372;109003;122779;822443;152151;931446
2013;BI;SETTORE EXTRALBERGHIERO;Agriturismo;1018;3134;264;1337;1282;4471
2015;TO;SETTORE EXTRALBERGHIERO;Affittacamere;11790;36765;5007;13426;16797;50191
2015;TO;SETTORE EXTRALBERGHIERO;Casa per ferie;73138;621361;10103;96373;83241;717734
2019;NO;SETTORE EXTRALBERGHIERO;Agriturismo;4937;8605;4736;9530;9673;18135
2020;CN;SETTORE ALBERGHIERO;Albergo;158941;361847;48393;112197;207334;474044
2021;BI;SETTORE EXTRALBERGHIERO;Rifugio alpino;1220;1220;518;524;1738;1744
2008;VC;SETTORE ALBERGHIERO;Albergo;39189;131939;11480;31149;50669;163088
2013;AL;SETTORE EXTRALBERGHIERO;Affittacamere;5754;13437;2991;7140;8745;20577
2013;AL;SETTORE EXTRALBERGHIERO;Casa per ferie;3375;14986;333;1410;3708;16396
2013;CN;SETTORE EXTRALBERGHIERO;Campeggio;31727;136691;8415;31382;40142;168073
2019;VC;SETTORE EXTRALBERGHIERO;Campeggio;4770;19292;751;2380;5521;21672
2007;NO;SETTORE ALBERGHIERO;Residenza Turistico Alberghiera (R.T.A.);9198;64660;7719;48131;16917;112791
2009;CN;SETTORE EXTRALBERGHIERO;Affittacamere;15942;38019;14890;42593;30832;80612
2009;CN;SETTORE EXTRALBERGHIERO;Casa per ferie;13497;59681;663;6165;14160;65846
2014;VB;SETTORE EXTRALBERGHIERO;Agriturismo;1474;2924;883;2985;2357;5909
2015;VC;SETTORE EXTRALBERGHIERO;Affittacamere;2810;9961;1224;4053;4034;14014
2015;VC;SETTORE EXTRALBERGHIERO;Casa per ferie;2690;22493;195;787;2885;23280
2017;AL;SETTORE EXTRALBERGHIERO;Bed & Breakfast;9632;14623;9144;15101;18776;29724
2020;AT;SETTORE EXTRALBERGHIERO;CAV - Residence;1927;7774;1215;6748;3142;14522
2021;AT;SETTORE EXTRALBERGHIERO;Country house;336;486;204;686;540;1172
2009;AL;SETTORE ALBERGHIERO;Albergo;148661;337464;60776;122539;209437;460003
2012;CN;SETTORE EXTRALBERGHIERO;Bed & Breakfast;7796;17603;3243;8890;11039;26493
2017;TO;SETTORE EXTRALBERGHIERO;Rifugio escursionistico;2685;5319;508;1083;3193;6402
2018;NO;SETTORE EXTRALBERGHIERO;Alloggio Vacanze;127;2174;235;1804;362;3978
2018;VC;SETTORE EXTRALBERGHIERO;Bed & Breakfast;1895;3418;786;1561;2681;4979
2019;VB;SETTORE ALBERGHIERO;Residenza Turistico Alberghiera (R.T.A.);5582;24006;19091;72405;24673;96411
2020;AL;SETTORE EXTRALBERGHIERO;Campeggio;1836;9131;1531;8903;3367;18034
2020;TO;SETTORE EXTRALBERGHIERO;Ostello;9819;50134;2927;21712;12746;71846
2009;AT;SETTORE EXTRALBERGHIERO;Agriturismo;10043;27156;8815;30758;18858;57914
2010;VB;SETTORE EXTRALBERGHIERO;Bed & Breakfast;2998;6638;2922;8096;5920;14734
2012;TO;SETTORE ALBERGHIERO;Albergo;1209423;2647610;412292;1022321;1621715;3669931
2018;CN;SETTORE EXTRALBERGHIERO;CAV - Residence;23242;118682;13916;57912;37158;176594
2006;AL;SETTORE EXTRALBERGHIERO;Bed & Breakfast;2320;4757;1319;3489;3639;8246
2009;AT;SETTORE EXTRALBERGHIERO;CAV - Residence;663;4580;658;4506;1321;9086
2011;VB;SETTORE EXTRALBERGHIERO;Rifugio alpino;227;308;227;263;454;571
2018;TO;SETTORE ALBERGHIERO;Residenza Turistico Alberghiera (R.T.A.);66912;270620;54627;287755;121539;558375
2008;TO;SETTORE EXTRALBERGHIERO;Campeggio;84230;697012;2132;4281;86362;701293
2009;VC;SETTORE EXTRALBERGHIERO;CAV - Residence;1905;31241;1047;13338;2952;44579
2013;AL;SETTORE ALBERGHIERO;Albergo;160090;312708;94212;177767;254302;490475
2016;CN;SETTORE EXTRALBERGHIERO;Bed & Breakfast;13659;24739;9099;23391;22758;48130
2021;TO;SETTORE EXTRALBERGHIERO;Rifugio escursionistico;671;1172;330;400;1001;1572
2006;CN;SETTORE EXTRALBERGHIERO;Bed & Breakfast;2613;6763;1719;4425;4332;11188
2011;TO;SETTORE EXTRALBERGHIERO;Rifugio escursionistico;4231;4839;0;0;4231;4839
2012;VC;SETTORE EXTRALBERGHIERO;Bed & Breakfast;1313;2326;203;639;1516;2965
2013;VB;SETTORE ALBERGHIERO;Residenza Turistico Alberghiera (R.T.A.);4180;27011;12114;50962;16294;77973
2014;AL;SETTORE EXTRALBERGHIERO;Campeggio;1882;26882;2672;16728;4554;43610
2014;TO;SETTORE EXTRALBERGHIERO;Ostello;14371;46728;5359;38025;19730;84753
2019;AT;SETTORE ALBERGHIERO;Albergo;43000;76226;33312;75802;76312;152028
2021;BI;SETTORE EXTRALBERGHIERO;CAV - Residence;1024;11752;444;3271;1468;15023
2008;TO;SETTORE EXTRALBERGHIERO;Bed & Breakfast;5467;13878;1488;4864;6955;18742
2011;AL;SETTORE EXTRALBERGHIERO;CAV - Residence;2781;7254;1391;5046;4172;12300
2014;NO;SETTORE ALBERGHIERO;Residenza Turistico Alberghiera (R.T.A.);1938;17657;6860;52454;8798;70111
2016;CN;SETTORE EXTRALBERGHIERO;Affittacamere;25259;46900;25421;69892;50680;116792
2016;CN;SETTORE EXTRALBERGHIERO;Casa per ferie;17428;79971;1141;5771;18569;85742
2021;VB;SETTORE EXTRALBERGHIERO;Agriturismo;2247;4886;1349;4082;3596;8968
2013;TO;SETTORE EXTRALBERGHIERO;Bed & Breakfast;10406;23902;2601;7101;13007;31003
2016;AL;SETTORE EXTRALBERGHIERO;CAV - Residence;5678;20161;3608;10390;9286;30551
2017;AT;SETTORE EXTRALBERGHIERO;Alloggio Vacanze;773;1330;1039;3761;1812;5091
2019;NO;SETTORE ALBERGHIERO;Residenza Turistico Alberghiera (R.T.A.);283;4933;2382;26502;2665;31435
2021;CN;SETTORE EXTRALBERGHIERO;Affittacamere;28326;55139;16529;41993;44855;97132
2021;CN;SETTORE EXTRALBERGHIERO;Casa per ferie;5480;28367;912;2157;6392;30524
2014;BI;SETTORE EXTRALBERGHIERO;Bed & Breakfast;2850;5285;1325;3338;4175;8623
2020;NO;SETTORE EXTRALBERGHIERO;Bed & Breakfast;3096;7704;1438;3638;4534;11342
2005;VC;SETTORE ALBERGHIERO;Albergo;32196;105914;10213;28105;42409;134019
2010;AL;SETTORE EXTRALBERGHIERO;Affittacamere;3848;11227;2049;4309;5897;15536
2010;AL;SETTORE EXTRALBERGHIERO;Casa per ferie;1377;5696;149;308;1526;6004
2010;CN;SETTORE EXTRALBERGHIERO;Campeggio;24087;115701;13297;61330;37384;177031
2020;TO;SETTORE EXTRALBERGHIERO;Agriturismo;6031;17297;1628;4744;7659;22041
2005;NO;SETTORE EXTRALBERGHIERO;Bed & Breakfast;211;318;182;392;393;710
2005;VC;SETTORE ALBERGHIERO;Residenza Turistico Alberghiera (R.T.A.);2402;17359;771;3157;3173;20516
2014;TO;SETTORE EXTRALBERGHIERO;CAV - Residence;34862;230313;16581;107348;51443;337661
2014;VB;SETTORE EXTRALBERGHIERO;Affittacamere;5110;9813;6523;14246;11633;24059
2014;VB;SETTORE EXTRALBERGHIERO;Casa per ferie;7708;40088;1114;3263;8822;43351
2015;AL;SETTORE EXTRALBERGHIERO;Alloggio Vacanze;73;131;387;1867;460;1998
2021;VC;SETTORE EXTRALBERGHIERO;Agriturismi (senza ricettività);0;0;null;null;0;0
2006;CN;SETTORE EXTRALBERGHIERO;Rifugio alpino;8636;22100;1922;2719;10558;24819
2006;NO;SETTORE EXTRALBERGHIERO;Affittacamere;1434;12945;1352;4010;2786;16955
2012;VB;SETTORE ALBERGHIERO;Albergo;134902;345803;341625;1047146;476527;1392949
2012;VC;SETTORE EXTRALBERGHIERO;Rifugio alpino;2288;2754;2006;3112;4294;5866
2017;TO;SETTORE EXTRALBERGHIERO;Bed & Breakfast;25022;54331;8619;18584;33641;72915
2020;AL;SETTORE EXTRALBERGHIERO;CAV - Residence;4330;16996;973;5926;5303;22922
2021;AT;SETTORE EXTRALBERGHIERO;Alloggio Vacanze;389;1547;678;2632;1067;4179
2011;NO;SETTORE EXTRALBERGHIERO;CAV - Residence;536;3938;1669;9875;2205;13813
2014;AL;SETTORE EXTRALBERGHIERO;Ostello;2788;8490;1168;11658;3956;20148
2018;BI;SETTORE EXTRALBERGHIERO;Bed & Breakfast;5086;9490;2414;5132;7500;14622
2018;CN;SETTORE ALBERGHIERO;Residenza Turistico Alberghiera (R.T.A.);4505;16075;2673;8854;7178;24929
2018;TO;SETTORE EXTRALBERGHIERO;Alloggio Vacanze;1001;2692;938;2898;1939;5590
2008;AT;SETTORE ALBERGHIERO;Albergo;36242;72618;25093;52554;61335;125172
2010;BI;SETTORE EXTRALBERGHIERO;CAV - Residence;978;17487;717;8172;1695;25659
2016;NO;SETTORE EXTRALBERGHIERO;CAV - Residence;2334;10283;4463;21220;6797;31503
2019;AL;SETTORE EXTRALBERGHIERO;Ostello;3577;10396;1938;4527;5515;14923
2010;TO;SETTORE ALBERGHIERO;Residenza Turistico Alberghiera (R.T.A.);128162;334368;7105;42288;135267;376656
2014;AT;SETTORE EXTRALBERGHIERO;Bed & Breakfast;6181;10103;4296;10835;10477;20938
2016;CN;SETTORE EXTRALBERGHIERO;Agriturismo;32378;60862;36132;98381;68510;159243
2018;BI;SETTORE EXTRALBERGHIERO;Affittacamere;1198;1944;442;790;1640;2734
2018;BI;SETTORE EXTRALBERGHIERO;Casa per ferie;10385;22790;2537;5196;12922;27986
2006;TO;SETTORE EXTRALBERGHIERO;Campeggio;65270;392337;2111;16443;67381;408780
2007;VC;SETTORE EXTRALBERGHIERO;CAV - Residence;315;19964;238;10551;553;30515
2011;AL;SETTORE ALBERGHIERO;Albergo;171884;350870;84989;166225;256873;517095
2014;CN;SETTORE EXTRALBERGHIERO;Bed & Breakfast;6959;13488;4504;12911;11463;26399
2019;TO;SETTORE EXTRALBERGHIERO;Rifugio escursionistico;1972;2558;453;721;2425;3279
2020;VC;SETTORE EXTRALBERGHIERO;Bed & Breakfast;1128;2186;238;901;1366;3087
2021;VB;SETTORE ALBERGHIERO;Residenza Turistico Alberghiera (R.T.A.);3728;17420;6688;31113;10416;48533
2006;AT;SETTORE EXTRALBERGHIERO;Agriturismo;8853;25009;7905;27438;16758;52447
2007;VB;SETTORE EXTRALBERGHIERO;Bed & Breakfast;1747;3778;1450;3599;3197;7377
2009;TO;SETTORE ALBERGHIERO;Albergo;1270756;2794269;215627;554839;1486383;3349108
2015;CN;SETTORE EXTRALBERGHIERO;CAV - Residence;10969;65968;8271;45595;19240;111563
2020;TO;SETTORE EXTRALBERGHIERO;Campeggio;29029;129359;4695;13081;33724;142440
2021;VC;SETTORE EXTRALBERGHIERO;CAV - Residence;7972;42235;873;5806;8845;48041
2008;VB;SETTORE EXTRALBERGHIERO;Rifugio alpino;182;182;72;77;254;259
2015;TO;SETTORE ALBERGHIERO;Residenza Turistico Alberghiera (R.T.A.);62405;323114;51156;237781;113561;560895
2019;AT;SETTORE EXTRALBERGHIERO;Bed & Breakfast;6050;10591;4726;13770;10776;24361
2021;CN;SETTORE EXTRALBERGHIERO;Agriturismo;41281;80760;24759;74151;66040;154911
2007;BI;SETTORE EXTRALBERGHIERO;Bed & Breakfast;661;1532;251;627;912;2159
2007;CN;SETTORE ALBERGHIERO;Residenza Turistico Alberghiera (R.T.A.);1893;14770;519;3821;2412;18591
2013;NO;SETTORE EXTRALBERGHIERO;Bed & Breakfast;2278;4099;1928;4554;4206;8653
2019;VB;SETTORE EXTRALBERGHIERO;Bivacco fisso;0;0;null;null;0;0
2005;CN;SETTORE EXTRALBERGHIERO;Agriturismo;8501;18205;9500;25508;18001;43713
2007;BI;SETTORE EXTRALBERGHIERO;Affittacamere;1082;4066;491;1714;1573;5780
2011;VC;SETTORE EXTRALBERGHIERO;Agriturismo;2856;4277;71;220;2927;4497
2013;CN;SETTORE EXTRALBERGHIERO;Rifugio alpino;6746;21330;2269;3158;9015;24488
2013;NO;SETTORE EXTRALBERGHIERO;Affittacamere;2742;8226;3089;7978;5831;16204
2019;VB;SETTORE ALBERGHIERO;Albergo;166145;350429;382439;1123144;548584;1473573
2019;VC;SETTORE EXTRALBERGHIERO;Rifugio alpino;2706;3214;3833;4367;6539;7581
2006;CN;SETTORE EXTRALBERGHIERO;Agriturismo;13113;33713;13264;40726;26377;74439
2008;BI;SETTORE EXTRALBERGHIERO;Affittacamere;1177;4416;306;830;1483;5246
2012;VC;SETTORE EXTRALBERGHIERO;Agriturismo;2942;6692;46;847;2988;7539
2014;CN;SETTORE EXTRALBERGHIERO;Rifugio alpino;7050;23343;1892;3200;8942;26543
2014;NO;SETTORE EXTRALBERGHIERO;Affittacamere;2932;9376;3385;7661;6317;17037
2014;NO;SETTORE EXTRALBERGHIERO;Casa per ferie;1641;11881;512;3138;2153;15019
2020;VB;SETTORE ALBERGHIERO;Albergo;96617;220816;94410;264565;191027;485381
2020;VC;SETTORE EXTRALBERGHIERO;Rifugio alpino;1456;1650;2378;2762;3834;4412
2015;VB;SETTORE EXTRALBERGHIERO;Campeggio;21135;86220;103056;596730;124191;682950
2018;BI;SETTORE EXTRALBERGHIERO;Agriturismo;2072;3606;780;2551;2852;6157
2020;TO;SETTORE EXTRALBERGHIERO;Affittacamere;11314;29044;3956;9351;15270;38395
2020;TO;SETTORE EXTRALBERGHIERO;Casa per ferie;15293;456789;4184;100368;19477;557157
2021;CN;SETTORE ALBERGHIERO;Albergo diffuso;2398;4682;1054;3554;3452;8236
2011;AT;SETTORE EXTRALBERGHIERO;Agriturismo;12771;31537;10081;34275;22852;65812
2012;VB;SETTORE EXTRALBERGHIERO;Bed & Breakfast;3673;8445;3736;11224;7409;19669
2014;TO;SETTORE ALBERGHIERO;Albergo;1330905;2887715;347646;919743;1678551;3807458
2020;CN;SETTORE EXTRALBERGHIERO;CAV - Residence;16522;73269;5854;24600;22376;97869
2021;CN;SETTORE EXTRALBERGHIERO;Country house;443;620;358;1269;801;1889
2010;NO;SETTORE ALBERGHIERO;Albergo;169176;304604;117572;260993;286748;565597
2013;AL;SETTORE EXTRALBERGHIERO;Agriturismo;14951;26324;9458;23464;24409;49788
2015;BI;SETTORE EXTRALBERGHIERO;Campeggio;5263;16157;822;1429;6085;17586
2017;VB;SETTORE EXTRALBERGHIERO;CAV - Residence;5962;42484;26784;153130;32746;195614
2021;NO;SETTORE EXTRALBERGHIERO;Campeggio;37734;136236;30107;134095;67841;270331
2008;VB;SETTORE ALBERGHIERO;Albergo;142895;368032;298217;924781;441112;1292813
2008;VC;SETTORE EXTRALBERGHIERO;Rifugio alpino;1872;2374;2071;2119;3943;4493
2019;VB;SETTORE EXTRALBERGHIERO;Campeggio;19552;58291;119986;704843;139538;763134
2020;AL;SETTORE EXTRALBERGHIERO;Agriturismi (senza ricettività);0;0;null;null;0;0
2021;TO;SETTORE EXTRALBERGHIERO;Bivacco fisso;0;0;null;null;0;0
2008;AL;SETTORE EXTRALBERGHIERO;Ostello;2854;5629;926;2069;3780;7698
2012;BI;SETTORE EXTRALBERGHIERO;Bed & Breakfast;2141;4451;785;2066;2926;6517
2018;NO;SETTORE EXTRALBERGHIERO;Bed & Breakfast;5820;11450;5096;12731;10916;24181
2007;TO;SETTORE ALBERGHIERO;Residenza Turistico Alberghiera (R.T.A.);24326;178516;18643;131540;42969;310056
2011;AT;SETTORE EXTRALBERGHIERO;Bed & Breakfast;3055;6248;2408;6614;5463;12862
2013;CN;SETTORE EXTRALBERGHIERO;Agriturismo;26468;54046;29973;86304;56441;140350
2015;BI;SETTORE EXTRALBERGHIERO;Affittacamere;1219;2072;321;582;1540;2654
2015;BI;SETTORE EXTRALBERGHIERO;Casa per ferie;10835;23446;3010;6521;13845;29967
2019;VC;SETTORE EXTRALBERGHIERO;Agriturismo;1691;4228;299;901;1990;5129
2021;CN;SETTORE EXTRALBERGHIERO;Rifugio alpino;3802;7612;1437;1555;5239;9167
2021;NO;SETTORE EXTRALBERGHIERO;Affittacamere;5135;12572;2452;6446;7587;19018
2006;TO;SETTORE EXTRALBERGHIERO;Affittacamere;2011;32366;1199;9678;3210;42044
2006;TO;SETTORE EXTRALBERGHIERO;Casa per ferie;26048;350807;3846;56050;29894;406857
2010;NO;SETTORE EXTRALBERGHIERO;Agriturismo;1235;4796;620;2042;1855;6838
2011;CN;SETTORE ALBERGHIERO;Albergo;246768;661453;138076;346678;384844;1008131
2012;BI;SETTORE EXTRALBERGHIERO;Rifugio alpino;1031;1051;765;797;1796;1848
2017;VC;SETTORE ALBERGHIERO;Albergo;43502;85277;13888;28858;57390;114135
2009;VB;SETTORE ALBERGHIERO;Albergo;128850;326981;254446;765005;383296;1091986
2009;VC;SETTORE EXTRALBERGHIERO;Rifugio alpino;4173;4742;4361;5084;8534;9826
2020;VB;SETTORE EXTRALBERGHIERO;Campeggio;28648;93625;61885;333741;90533;427366
2021;AL;SETTORE EXTRALBERGHIERO;Agriturismi (senza ricettività);0;0;null;null;0;0
2006;CN;SETTORE EXTRALBERGHIERO;Affittacamere;9056;27426;8993;25033;18049;52459
2006;CN;SETTORE EXTRALBERGHIERO;Casa per ferie;10080;53072;687;7393;10767;60465
2011;VB;SETTORE EXTRALBERGHIERO;Agriturismo;1080;2180;344;1069;1424;3249
2012;VC;SETTORE EXTRALBERGHIERO;Affittacamere;3134;11523;1043;3634;4177;15157
2012;VC;SETTORE EXTRALBERGHIERO;Casa per ferie;3478;25949;165;2084;3643;28033
2014;AL;SETTORE EXTRALBERGHIERO;Bed & Breakfast;5809;9099;4326;7789;10135;16888
2017;AT;SETTORE EXTRALBERGHIERO;CAV - Residence;2849;10996;2616;14102;5465;25098
2019;VB;SETTORE EXTRALBERGHIERO;Rifugio alpino;2578;2929;1410;1647;3988;4576
2020;NO;SETTORE EXTRALBERGHIERO;Agriturismi (senza ricettività);0;0;null;null;0;0
2005;CN;SETTORE EXTRALBERGHIERO;Rifugio escursionistico;1518;2644;207;392;1725;3036
2008;AT;SETTORE EXTRALBERGHIERO;Affittacamere;2641;12234;1921;9114;4562;21348
2009;BI;SETTORE ALBERGHIERO;Albergo;35159;96152;13860;40869;49019;137021
2010;TO;SETTORE EXTRALBERGHIERO;Rifugio alpino;3348;4757;468;495;3816;5252
2015;NO;SETTORE ALBERGHIERO;Albergo;193720;319976;129798;293542;323518;613518
2018;AL;SETTORE EXTRALBERGHIERO;Agriturismo;16706;32270;15515;40923;32221;73193
2020;BI;SETTORE EXTRALBERGHIERO;Campeggio;2640;7767;372;488;3012;8255
2008;VB;SETTORE EXTRALBERGHIERO;Campeggio;30157;103925;111502;775469;141659;879394
2011;BI;SETTORE EXTRALBERGHIERO;Agriturismo;745;2679;112;338;857;3017
2013;TO;SETTORE EXTRALBERGHIERO;Affittacamere;13294;39159;3060;9349;16354;48508
2013;TO;SETTORE EXTRALBERGHIERO;Casa per ferie;61873;428339;15552;87370;77425;515709
2017;NO;SETTORE EXTRALBERGHIERO;Agriturismo;4688;8944;4874;9444;9562;18388
2018;CN;SETTORE ALBERGHIERO;Albergo;241876;563663;164593;412123;406469;975786
2019;BI;SETTORE EXTRALBERGHIERO;Rifugio alpino;1040;1095;938;939;1978;2034
2007;CN;SETTORE EXTRALBERGHIERO;Bed & Breakfast;3352;7691;1832;5161;5184;12852
2012;TO;SETTORE EXTRALBERGHIERO;Rifugio escursionistico;968;2090;213;283;1181;2373
2013;VC;SETTORE EXTRALBERGHIERO;Bed & Breakfast;1282;2087;200;478;1482;2565
2014;VB;SETTORE ALBERGHIERO;Residenza Turistico Alberghiera (R.T.A.);3881;18445;12919;51313;16800;69758
2015;AL;SETTORE EXTRALBERGHIERO;Campeggio;480;19398;3107;19869;3587;39267
2015;TO;SETTORE EXTRALBERGHIERO;Ostello;12873;48378;5788;44368;18661;92746
2020;AT;SETTORE ALBERGHIERO;Albergo;20004;38529;8182;20184;28186;58713
2005;NO;SETTORE ALBERGHIERO;Residenza Turistico Alberghiera (R.T.A.);7297;50785;4672;20564;11969;71349
2007;CN;SETTORE EXTRALBERGHIERO;Affittacamere;11200;28545;10265;29666;21465;58211
2007;CN;SETTORE EXTRALBERGHIERO;Casa per ferie;10972;57200;667;7993;11639;65193
2012;VB;SETTORE EXTRALBERGHIERO;Agriturismo;1639;3699;654;2201;2293;5900
2013;VC;SETTORE EXTRALBERGHIERO;Affittacamere;3630;10808;1137;4094;4767;14902
2013;VC;SETTORE EXTRALBERGHIERO;Casa per ferie;2941;19604;121;922;3062;20526
2015;AL;SETTORE EXTRALBERGHIERO;Bed & Breakfast;7805;12671;5981;9982;13786;22653
2018;AT;SETTORE EXTRALBERGHIERO;CAV - Residence;3044;11359;2761;14038;5805;25397
2020;VB;SETTORE EXTRALBERGHIERO;Rifugio alpino;2522;3044;833;922;3355;3966
2021;NO;SETTORE EXTRALBERGHIERO;Agriturismi (senza ricettività);0;0;null;null;0;0
2006;AL;SETTORE EXTRALBERGHIERO;Agriturismo;7445;20015;2632;8576;10077;28591
2008;BI;SETTORE EXTRALBERGHIERO;Campeggio;5010;19058;948;2789;5958;21847
2010;VB;SETTORE EXTRALBERGHIERO;CAV - Residence;4161;18057;18845;137408;23006;155465
2014;NO;SETTORE EXTRALBERGHIERO;Campeggio;23455;98232;19847;103233;43302;201465
2016;CN;SETTORE EXTRALBERGHIERO;Alloggio Vacanze;1904;10610;1193;4085;3097;14695
2020;VB;SETTORE EXTRALBERGHIERO;Rifugio non gestito;0;0;null;null;0;0
2021;BI;SETTORE EXTRALBERGHIERO;Rifugio escursionistico;300;363;63;69;363;432
2009;VC;SETTORE EXTRALBERGHIERO;Bed & Breakfast;566;1522;98;235;664;1757
2010;VB;SETTORE ALBERGHIERO;Residenza Turistico Alberghiera (R.T.A.);4263;23736;12279;55151;16542;78887
2011;AL;SETTORE EXTRALBERGHIERO;Campeggio;1501;48551;3167;18544;4668;67095
2011;TO;SETTORE EXTRALBERGHIERO;Ostello;15941;39692;4927;30683;20868;70375
2016;AT;SETTORE ALBERGHIERO;Albergo;42867;81465;30442;70299;73309;151764
2018;BI;SETTORE EXTRALBERGHIERO;CAV - Residence;637;10917;402;6461;1039;17378
2006;TO;SETTORE EXTRALBERGHIERO;Agriturismo;873;4107;403;1741;1276;5848
2009;CN;SETTORE EXTRALBERGHIERO;Rifugio escursionistico;2703;4984;873;1430;3576;6414
2012;AT;SETTORE EXTRALBERGHIERO;Affittacamere;3060;7373;2916;10212;5976;17585
2013;BI;SETTORE ALBERGHIERO;Albergo;28608;73319;14799;34137;43407;107456
2014;TO;SETTORE EXTRALBERGHIERO;Rifugio alpino;3828;5687;959;1183;4787;6870
2019;NO;SETTORE ALBERGHIERO;Albergo;222807;387071;152875;369435;375682;756506
2007;NO;SETTORE EXTRALBERGHIERO;Campeggio;47548;197578;17632;83985;65180;281563
2015;AT;SETTORE EXTRALBERGHIERO;Agriturismo;15026;29564;14071;43536;29097;73100
2016;VB;SETTORE EXTRALBERGHIERO;Bed & Breakfast;7112;13061;11299;27326;18411;40387
2018;TO;SETTORE ALBERGHIERO;Albergo;1493754;3197837;480134;1255910;1973888;4453747
2007;AL;SETTORE EXTRALBERGHIERO;Agriturismo;7212;18921;3293;10344;10505;29265
2009;BI;SETTORE EXTRALBERGHIERO;Campeggio;5552;19964;1029;2408;6581;22372
2011;VB;SETTORE EXTRALBERGHIERO;CAV - Residence;4117;20827;21778;152175;25895;173002
2015;NO;SETTORE EXTRALBERGHIERO;Campeggio;26607;101423;24526;112157;51133;213580
2017;CN;SETTORE EXTRALBERGHIERO;Alloggio Vacanze;2157;12477;1337;6647;3494;19124
2021;VB;SETTORE EXTRALBERGHIERO;Rifugio non gestito;0;0;null;null;0;0
2009;BI;SETTORE EXTRALBERGHIERO;Bed & Breakfast;1166;2296;401;1167;1567;3463
2009;CN;SETTORE ALBERGHIERO;Residenza Turistico Alberghiera (R.T.A.);7501;28548;1995;7230;9496;35778
2015;NO;SETTORE EXTRALBERGHIERO;Bed & Breakfast;4765;9031;4348;10322;9113;19353
2021;VB;SETTORE EXTRALBERGHIERO;Bivacco fisso;0;0;null;null;0;0
2009;CN;SETTORE EXTRALBERGHIERO;CAV - Residence;2771;27349;2693;16061;5464;43410
2014;TO;SETTORE EXTRALBERGHIERO;Campeggio;122680;621241;5103;15639;127783;636880
2015;VC;SETTORE EXTRALBERGHIERO;CAV - Residence;2310;41511;1557;10347;3867;51858
2019;AL;SETTORE ALBERGHIERO;Albergo;137740;264995;94098;166584;231838;431579
2019;CN;SETTORE EXTRALBERGHIERO;Rifugio non gestito;160;444;12;23;172;467
2005;BI;SETTORE EXTRALBERGHIERO;Campeggio;5244;20110;638;2240;5882;22350
2007;VB;SETTORE EXTRALBERGHIERO;CAV - Residence;2800;14178;16217;185460;19017;199638
2011;NO;SETTORE EXTRALBERGHIERO;Campeggio;37019;168066;19637;110993;56656;279059
2018;BI;SETTORE EXTRALBERGHIERO;Rifugio escursionistico;1131;1873;286;839;1417;2712
2019;AT;SETTORE EXTRALBERGHIERO;Agriturismo;15886;32449;15608;45841;31494;78290
2020;VB;SETTORE EXTRALBERGHIERO;Bed & Breakfast;5655;12022;3645;8834;9300;20856
2007;NO;SETTORE EXTRALBERGHIERO;Agriturismo;426;2412;252;755;678;3167
2008;CN;SETTORE ALBERGHIERO;Albergo;206191;547100;121880;298783;328071;845883
2009;BI;SETTORE EXTRALBERGHIERO;Rifugio alpino;878;905;338;350;1216;1255
2014;VC;SETTORE ALBERGHIERO;Albergo;40319;99453;13447;42022;53766;141475
2019;AL;SETTORE EXTRALBERGHIERO;Affittacamere;6469;12671;4403;8043;10872;20714
2019;AL;SETTORE EXTRALBERGHIERO;Casa per ferie;3118;14646;1479;5245;4597;19891
2019;CN;SETTORE EXTRALBERGHIERO;Campeggio;40796;194174;9452;25800;50248;219974
2009;VB;SETTORE EXTRALBERGHIERO;Campeggio;31932;111729;120215;804075;152147;915804
2012;BI;SETTORE EXTRALBERGHIERO;Agriturismo;889;2803;141;915;1030;3718
2014;TO;SETTORE EXTRALBERGHIERO;Affittacamere;11069;25862;3355;7954;14424;33816
2014;TO;SETTORE EXTRALBERGHIERO;Casa per ferie;65380;494392;13818;87889;79198;582281
2018;NO;SETTORE EXTRALBERGHIERO;Agriturismo;5423;10697;5455;11532;10878;22229
2019;CN;SETTORE ALBERGHIERO;Albergo;281696;631216;166564;383050;448260;1014266
2020;BI;SETTORE EXTRALBERGHIERO;Rifugio alpino;849;851;296;296;1145;1147
2006;CN;SETTORE EXTRALBERGHIERO;CAV - Residence;1269;10425;1460;7038;2729;17463
2011;TO;SETTORE EXTRALBERGHIERO;Campeggio;147354;766559;7334;22155;154688;788714
2012;VC;SETTORE EXTRALBERGHIERO;CAV - Residence;1939;38111;1143;17981;3082;56092
2016;AL;SETTORE ALBERGHIERO;Albergo;151181;312917;92091;179051;243272;491968
2019;CN;SETTORE EXTRALBERGHIERO;Bed & Breakfast;18248;31379;9937;23582;28185;54961
2009;TO;SETTORE EXTRALBERGHIERO;Campeggio;173645;962428;3074;7093;176719;969521
2010;VC;SETTORE EXTRALBERGHIERO;CAV - Residence;1849;36436;954;11819;2803;48255
2014;AL;SETTORE ALBERGHIERO;Albergo;147215;291596;91983;166722;239198;458318
2017;CN;SETTORE EXTRALBERGHIERO;Bed & Breakfast;16814;29301;10510;26591;27324;55892
2020;VC;SETTORE EXTRALBERGHIERO;Rifugio non gestito;0;0;null;null;0;0
2011;TO;SETTORE EXTRALBERGHIERO;CAV - Residence;27341;186969;3505;43508;30846;230477
2011;VB;SETTORE EXTRALBERGHIERO;Affittacamere;3754;9669;3618;8521;7372;18190
2011;VB;SETTORE EXTRALBERGHIERO;Casa per ferie;8632;45115;960;3201;9592;48316
2021;TO;SETTORE EXTRALBERGHIERO;Rifugio non gestito;0;0;null;null;0;0
2005;TO;SETTORE EXTRALBERGHIERO;Affittacamere;3330;62424;680;8790;4010;71214
2005;TO;SETTORE EXTRALBERGHIERO;Casa per ferie;41091;387701;8244;71447;49335;459148
2009;NO;SETTORE EXTRALBERGHIERO;Agriturismo;1265;3394;878;3046;2143;6440
2010;CN;SETTORE ALBERGHIERO;Albergo;235842;605637;131165;336748;367007;942385
2011;BI;SETTORE EXTRALBERGHIERO;Rifugio alpino;1159;1178;702;727;1861;1905
2016;VC;SETTORE ALBERGHIERO;Albergo;39826;79755;13844;29545;53670;109300
2021;AL;SETTORE EXTRALBERGHIERO;Affittacamere;5076;12116;2639;5634;7715;17750
2021;AL;SETTORE EXTRALBERGHIERO;Casa per ferie;2129;9646;957;3937;3086;13583
2021;CN;SETTORE EXTRALBERGHIERO;Campeggio;24537;90845;8059;22721;32596;113566
2006;NO;SETTORE EXTRALBERGHIERO;Campeggio;40936;172037;18757;85461;59693;257498
2014;AT;SETTORE EXTRALBERGHIERO;Agriturismo;13396;28723;11579;40340;24975;69063
2015;VB;SETTORE EXTRALBERGHIERO;Bed & Breakfast;6618;13365;7592;18905;14210;32270
2017;TO;SETTORE ALBERGHIERO;Albergo;1496060;3214296;443062;1151088;1939122;4365384
2012;TO;SETTORE ALBERGHIERO;Residenza Turistico Alberghiera (R.T.A.);102967;354648;19067;84905;122034;439553
2016;AT;SETTORE EXTRALBERGHIERO;Bed & Breakfast;7487;12837;5432;15343;12919;28180
2018;CN;SETTORE EXTRALBERGHIERO;Agriturismo;36345;63505;37715;103588;74060;167093
2020;BI;SETTORE EXTRALBERGHIERO;Affittacamere;1210;2563;190;836;1400;3399
2020;BI;SETTORE EXTRALBERGHIERO;Casa per ferie;6065;14409;440;674;6505;15083
2009;AT;SETTORE ALBERGHIERO;Albergo;36164;70179;25578;58281;61742;128460
2011;BI;SETTORE EXTRALBERGHIERO;CAV - Residence;1021;19254;805;12657;1826;31911
2017;NO;SETTORE EXTRALBERGHIERO;CAV - Residence;3161;15280;4684;21858;7845;37138
2019;VB;SETTORE EXTRALBERGHIERO;Agriturismi (senza ricettività);0;0;null;null;0;0
2020;AL;SETTORE EXTRALBERGHIERO;Ostello;992;2867;103;184;1095;3051
2005;BI;SETTORE EXTRALBERGHIERO;Affittacamere;724;3399;172;660;896;4059
2009;VC;SETTORE EXTRALBERGHIERO;Agriturismo;827;2326;116;289;943;2615
2011;CN;SETTORE EXTRALBERGHIERO;Rifugio alpino;6471;18957;1822;2059;8293;21016
2011;NO;SETTORE EXTRALBERGHIERO;Affittacamere;1638;8881;1290;4779;2928;13660
2017;VB;SETTORE ALBERGHIERO;Albergo;170582;387632;404384;1160898;574966;1548530
2017;VC;SETTORE EXTRALBERGHIERO;Rifugio alpino;2359;3578;3464;4036;5823;7614
2013;VB;SETTORE EXTRALBERGHIERO;Campeggio;21237;86523;98803;630935;120040;717458
2016;BI;SETTORE EXTRALBERGHIERO;Agriturismo;1814;3928;705;2527;2519;6455
2018;TO;SETTORE EXTRALBERGHIERO;Affittacamere;20807;60942;9955;24325;30762;85267
2018;TO;SETTORE EXTRALBERGHIERO;Casa per ferie;88405;948815;35490;273835;123895;1222650
2007;TO;SETTORE EXTRALBERGHIERO;Campeggio;62422;205995;3988;9746;66410;215741
2008;VC;SETTORE EXTRALBERGHIERO;CAV - Residence;1753;30695;1263;16454;3016;47149
2012;AL;SETTORE ALBERGHIERO;Albergo;170921;339567;90892;173135;261813;512702
2015;CN;SETTORE EXTRALBERGHIERO;Bed & Breakfast;12112;22646;7481;19845;19593;42491
2020;TO;SETTORE EXTRALBERGHIERO;Rifugio escursionistico;703;1181;212;268;915;1449
2021;VC;SETTORE EXTRALBERGHIERO;Bed & Breakfast;1148;2739;306;992;1454;3731
2007;AT;SETTORE EXTRALBERGHIERO;CAV - Residence;474;2259;679;3777;1153;6036
2009;VB;SETTORE EXTRALBERGHIERO;Rifugio alpino;95;103;153;223;248;326
2016;TO;SETTORE ALBERGHIERO;Residenza Turistico Alberghiera (R.T.A.);66177;268140;43806;175225;109983;443365
2020;AT;SETTORE EXTRALBERGHIERO;Bed & Breakfast;3218;6934;1277;3200;4495;10134
2006;VC;SETTORE EXTRALBERGHIERO;Bed & Breakfast;365;837;128;295;493;1132
2007;VB;SETTORE ALBERGHIERO;Residenza Turistico Alberghiera (R.T.A.);4477;23746;12262;55599;16739;79345
2008;TO;SETTORE EXTRALBERGHIERO;Ostello;10167;27497;6759;29473;16926;56970
2013;AT;SETTORE ALBERGHIERO;Albergo;32619;63058;26228;62720;58847;125778
2015;BI;SETTORE EXTRALBERGHIERO;CAV - Residence;1515;20960;996;11415;2511;32375
2021;NO;SETTORE EXTRALBERGHIERO;CAV - Residence;4039;16620;3765;23672;7804;40292
2013;BI;SETTORE EXTRALBERGHIERO;Bed & Breakfast;2042;4384;995;2451;3037;6835
2019;NO;SETTORE EXTRALBERGHIERO;Bed & Breakfast;5100;9677;5080;12584;10180;22261
2005;AT;SETTORE EXTRALBERGHIERO;Affittacamere;1761;7297;1721;6539;3482;13836
2006;BI;SETTORE ALBERGHIERO;Albergo;35334;97579;15800;43141;51134;140720
2007;TO;SETTORE EXTRALBERGHIERO;Rifugio alpino;3698;5781;240;240;3938;6021
2012;NO;SETTORE ALBERGHIERO;Albergo;182395;303582;117801;275855;300196;579437
2015;AL;SETTORE EXTRALBERGHIERO;Agriturismo;15667;29545;11704;28776;27371;58321
2017;BI;SETTORE EXTRALBERGHIERO;Campeggio;5274;18011;1357;2449;6631;20460
2019;VB;SETTORE EXTRALBERGHIERO;CAV - Residence;6681;29689;30049;157686;36730;187375
2009;TO;SETTORE EXTRALBERGHIERO;Bed & Breakfast;6193;15461;1460;4000;7653;19461
2012;AL;SETTORE EXTRALBERGHIERO;CAV - Residence;2831;8312;1341;4338;4172;12650
2015;NO;SETTORE ALBERGHIERO;Residenza Turistico Alberghiera (R.T.A.);2819;17449;7230;54334;10049;71783
2017;CN;SETTORE EXTRALBERGHIERO;Affittacamere;29136;52001;29173;75259;58309;127260
2017;CN;SETTORE EXTRALBERGHIERO;Casa per ferie;10817;58990;1233;7276;12050;66266
2015;BI;SETTORE EXTRALBERGHIERO;Bed & Breakfast;3826;6875;1626;3379;5452;10254
2015;TO;SETTORE EXTRALBERGHIERO;Alloggio Vacanze;310;1504;103;715;413;2219
2021;NO;SETTORE EXTRALBERGHIERO;Bed & Breakfast;3769;8597;2523;8000;6292;16597
2007;AT;SETTORE EXTRALBERGHIERO;Affittacamere;2434;12214;1878;6943;4312;19157
2008;BI;SETTORE ALBERGHIERO;Albergo;36902;101542;15513;41243;52415;142785
2009;TO;SETTORE EXTRALBERGHIERO;Rifugio alpino;3297;5746;191;565;3488;6311
2014;NO;SETTORE ALBERGHIERO;Albergo;171120;306082;119032;289365;290152;595447
2017;AL;SETTORE EXTRALBERGHIERO;Agriturismo;16104;30140;15203;37656;31307;67796
2019;BI;SETTORE EXTRALBERGHIERO;Campeggio;2664;14982;721;1076;3385;16058
2021;VB;SETTORE EXTRALBERGHIERO;CAV - Residence;7854;35702;18568;103625;26422;139327
2007;BI;SETTORE EXTRALBERGHIERO;Agriturismo;633;2674;209;562;842;3236
2009;TO;SETTORE EXTRALBERGHIERO;Affittacamere;6779;42475;1094;6241;7873;48716
2009;TO;SETTORE EXTRALBERGHIERO;Casa per ferie;72363;455913;10931;63564;83294;519477
2013;NO;SETTORE EXTRALBERGHIERO;Agriturismo;2818;8071;2842;7747;5660;15818
2014;CN;SETTORE ALBERGHIERO;Albergo;229977;586256;149493;366772;379470;953028
2015;BI;SETTORE EXTRALBERGHIERO;Rifugio alpino;1040;1102;774;774;1814;1876
2020;VB;SETTORE EXTRALBERGHIERO;Ostello;740;1686;560;1148;1300;2834
2020;VC;SETTORE ALBERGHIERO;Albergo;27353;72596;5081;13082;32434;85678
2021;AT;SETTORE EXTRALBERGHIERO;Agriturismi (senza ricettività);0;0;null;null;0;0
2005;TO;SETTORE EXTRALBERGHIERO;Agriturismo;979;6477;139;441;1118;6918
2008;CN;SETTORE EXTRALBERGHIERO;Rifugio escursionistico;2048;5270;844;1302;2892;6572
2011;AT;SETTORE EXTRALBERGHIERO;Affittacamere;2683;10613;2407;6759;5090;17372
2012;BI;SETTORE ALBERGHIERO;Albergo;32458;82567;14943;34142;47401;116709
2013;TO;SETTORE EXTRALBERGHIERO;Rifugio alpino;3448;4589;946;1018;4394;5607
2018;NO;SETTORE ALBERGHIERO;Albergo;193082;347183;158352;364818;351434;712001
2021;AL;SETTORE EXTRALBERGHIERO;Agriturismo;16017;38303;9874;32507;25891;70810
2010;NO;SETTORE EXTRALBERGHIERO;Bed & Breakfast;1581;3034;1321;3606;2902;6640
2019;TO;SETTORE EXTRALBERGHIERO;CAV - Residence;65499;339326;32345;115801;97844;455127
2019;VB;SETTORE EXTRALBERGHIERO;Affittacamere;7995;16248;8506;18342;16501;34590
2019;VB;SETTORE EXTRALBERGHIERO;Casa per ferie;12227;45929;4992;17205;17219;63134
2020;AL;SETTORE EXTRALBERGHIERO;Alloggio Vacanze;367;991;301;1717;668;2708
2020;CN;SETTORE EXTRALBERGHIERO;Agriturismi (senza ricettività);0;0;null;null;0;0
2020;TO;SETTORE EXTRALBERGHIERO;Country house;338;752;82;214;420;966
2008;BI;SETTORE EXTRALBERGHIERO;Bed & Breakfast;1262;2826;312;798;1574;3624
2008;CN;SETTORE ALBERGHIERO;Residenza Turistico Alberghiera (R.T.A.);3334;16344;1067;4978;4401;21322
2014;NO;SETTORE EXTRALBERGHIERO;Bed & Breakfast;3082;5947;2850;7362;5932;13309
2020;VB;SETTORE EXTRALBERGHIERO;Bivacco fisso;0;0;null;null;0;0
2007;NO;SETTORE ALBERGHIERO;Albergo;153316;303426;126813;283313;280129;586739
2010;AL;SETTORE EXTRALBERGHIERO;Agriturismo;8988;21873;4623;16736;13611;38609
2012;BI;SETTORE EXTRALBERGHIERO;Campeggio;5067;16859;1247;2438;6314;19297
2014;VB;SETTORE EXTRALBERGHIERO;CAV - Residence;3142;31356;23107;146896;26249;178252
2018;NO;SETTORE EXTRALBERGHIERO;Campeggio;32939;123980;33521;154393;66460;278373
2020;CN;SETTORE EXTRALBERGHIERO;Alloggio Vacanze;2038;11391;967;4874;3005;16265
2008;TO;SETTORE EXTRALBERGHIERO;CAV - Residence;27872;206275;5732;55808;33604;262083
2008;VB;SETTORE EXTRALBERGHIERO;Affittacamere;3380;14322;2692;7531;6072;21853
2008;VB;SETTORE EXTRALBERGHIERO;Casa per ferie;7430;36627;833;3099;8263;39726
2021;TO;SETTORE EXTRALBERGHIERO;Bed & Breakfast;9922;23877;3583;6840;13505;30717
2006;NO;SETTORE EXTRALBERGHIERO;Agriturismo;418;1118;247;907;665;2025
2007;CN;SETTORE ALBERGHIERO;Albergo;212330;623168;119937;298523;332267;921691
2008;BI;SETTORE EXTRALBERGHIERO;Rifugio alpino;686;711;288;288;974;999
2013;VC;SETTORE ALBERGHIERO;Albergo;39006;104011;11570;31751;50576;135762
2018;AL;SETTORE EXTRALBERGHIERO;Affittacamere;6737;13088;4114;7813;10851;20901
2018;AL;SETTORE EXTRALBERGHIERO;Casa per ferie;2506;13689;934;3672;3440;17361
2018;CN;SETTORE EXTRALBERGHIERO;Campeggio;67039;222338;13197;40108;80236;262446
2006;TO;SETTORE EXTRALBERGHIERO;Bed & Breakfast;2838;9133;1189;5660;4027;14793
2009;AL;SETTORE EXTRALBERGHIERO;CAV - Residence;1616;10701;426;2977;2042;13678
2012;NO;SETTORE ALBERGHIERO;Residenza Turistico Alberghiera (R.T.A.);2326;17427;7082;42210;9408;59637
2014;CN;SETTORE EXTRALBERGHIERO;Affittacamere;19113;35538;20501;56058;39614;91596
2014;CN;SETTORE EXTRALBERGHIERO;Casa per ferie;13189;73724;1835;7440;15024;81164
2019;VB;SETTORE EXTRALBERGHIERO;Agriturismo;2386;4935;2197;6341;4583;11276
2020;VC;SETTORE EXTRALBERGHIERO;Affittacamere;2748;6618;686;1723;3434;8341
2020;VC;SETTORE EXTRALBERGHIERO;Casa per ferie;1230;3673;301;1270;1531;4943
2005;VB;SETTORE ALBERGHIERO;Albergo;132500;324695;277642;828758;410142;1153453
2005;VC;SETTORE EXTRALBERGHIERO;Rifugio alpino;1458;1516;2737;2753;4195;4269
2016;VB;SETTORE EXTRALBERGHIERO;Campeggio;20924;83142;108426;618310;129350;701452
2019;BI;SETTORE EXTRALBERGHIERO;Agriturismo;2172;4076;994;2140;3166;6216
2021;TO;SETTORE EXTRALBERGHIERO;Affittacamere;11742;30813;4668;11144;16410;41957
2021;TO;SETTORE EXTRALBERGHIERO;Casa per ferie;31121;456212;3768;99321;34889;555533
2005;CN;SETTORE EXTRALBERGHIERO;CAV - Residence;1283;7306;1624;5797;2907;13103
2010;TO;SETTORE EXTRALBERGHIERO;Campeggio;160062;731749;3349;7923;163411;739672
2011;VC;SETTORE EXTRALBERGHIERO;CAV - Residence;1536;35325;1066;14517;2602;49842
2015;AL;SETTORE ALBERGHIERO;Albergo;142911;294152;93619;174522;236530;468674
2018;CN;SETTORE EXTRALBERGHIERO;Bed & Breakfast;16649;29224;10015;25628;26664;54852
2021;VC;SETTORE EXTRALBERGHIERO;Rifugio non gestito;0;0;null;null;0;0
2005;VC;SETTORE EXTRALBERGHIERO;Affittacamere;932;6425;298;2767;1230;9192
2005;VC;SETTORE EXTRALBERGHIERO;Casa per ferie;970;22296;159;1440;1129;23736
2007;AL;SETTORE EXTRALBERGHIERO;Bed & Breakfast;2456;5433;1236;2978;3692;8411
2010;AT;SETTORE EXTRALBERGHIERO;CAV - Residence;522;4004;692;4322;1214;8326
2012;VB;SETTORE EXTRALBERGHIERO;Rifugio alpino;20;20;72;72;92;92
2019;TO;SETTORE ALBERGHIERO;Residenza Turistico Alberghiera (R.T.A.);81256;274907;40539;156686;121795;431593
2008;AT;SETTORE EXTRALBERGHIERO;Bed & Breakfast;2491;5202;1994;6347;4485;11549
2010;CN;SETTORE EXTRALBERGHIERO;Agriturismo;21026;52234;21382;62125;42408;114359
2012;BI;SETTORE EXTRALBERGHIERO;Affittacamere;1244;1975;460;848;1704;2823
2012;BI;SETTORE EXTRALBERGHIERO;Casa per ferie;11862;27996;1848;4138;13710;32134
2016;VC;SETTORE EXTRALBERGHIERO;Agriturismo;2251;5637;458;1181;2709;6818
2018;CN;SETTORE EXTRALBERGHIERO;Rifugio alpino;6722;20513;2398;4036;9120;24549
2018;NO;SETTORE EXTRALBERGHIERO;Affittacamere;7375;20128;5511;13824;12886;33952
2018;NO;SETTORE EXTRALBERGHIERO;Casa per ferie;2780;13880;1033;4951;3813;18831
2020;TO;SETTORE EXTRALBERGHIERO;Agriturismi (senza ricettività);0;0;null;null;0;0
2007;AL;SETTORE EXTRALBERGHIERO;Affittacamere;2698;6762;1804;4681;4502;11443
2007;CN;SETTORE EXTRALBERGHIERO;Campeggio;26268;115774;5453;23339;31721;139113
2017;TO;SETTORE EXTRALBERGHIERO;Agriturismo;10725;31234;3462;9578;14187;40812
2020;CN;SETTORE EXTRALBERGHIERO;Rifugio escursionistico;3083;4977;2222;4167;5305;9144
2005;VB;SETTORE EXTRALBERGHIERO;Campeggio;28041;119000;117135;760242;145176;879242
2008;BI;SETTORE EXTRALBERGHIERO;Agriturismo;777;3299;144;362;921;3661
2010;TO;SETTORE EXTRALBERGHIERO;Affittacamere;5417;31379;1116;5277;6533;36656
2010;TO;SETTORE EXTRALBERGHIERO;Casa per ferie;69755;457648;7626;59871;77381;517519
2014;NO;SETTORE EXTRALBERGHIERO;Agriturismo;3084;9913;2742;6852;5826;16765
2015;CN;SETTORE ALBERGHIERO;Albergo;223586;557576;155694;394959;379280;952535
2016;BI;SETTORE EXTRALBERGHIERO;Rifugio alpino;660;679;984;988;1644;1667
2021;VC;SETTORE ALBERGHIERO;Albergo;38879;97144;7794;16602;46673;113746
2008;TO;SETTORE ALBERGHIERO;Residenza Turistico Alberghiera (R.T.A.);27554;180787;11174;99610;38728;280397
2012;AT;SETTORE EXTRALBERGHIERO;Bed & Breakfast;4597;7848;3531;8623;8128;16471
2014;CN;SETTORE EXTRALBERGHIERO;Agriturismo;25324;47188;30264;84023;55588;131211
2016;BI;SETTORE EXTRALBERGHIERO;Affittacamere;1452;2531;608;980;2060;3511
2016;BI;SETTORE EXTRALBERGHIERO;Casa per ferie;10150;23775;2317;5008;12467;28783
2020;VC;SETTORE EXTRALBERGHIERO;Agriturismo;2096;6397;330;723;2426;7120
2007;CN;SETTORE EXTRALBERGHIERO;Rifugio alpino;8827;18878;3973;4295;12800;23173
2007;NO;SETTORE EXTRALBERGHIERO;Affittacamere;1730;10661;1085;4523;2815;15184
2013;VB;SETTORE ALBERGHIERO;Albergo;131411;348682;347519;1045200;478930;1393882
2013;VC;SETTORE EXTRALBERGHIERO;Rifugio alpino;2735;2913;2533;3085;5268;5998
2008;AL;SETTORE ALBERGHIERO;Albergo;155885;344238;72135;151643;228020;495881
2011;CN;SETTORE EXTRALBERGHIERO;Bed & Breakfast;5510;12549;2980;9191;8490;21740
2016;TO;SETTORE EXTRALBERGHIERO;Rifugio escursionistico;3790;6437;291;478;4081;6915
2017;VC;SETTORE EXTRALBERGHIERO;Bed & Breakfast;1775;3696;589;1279;2364;4975
2018;VB;SETTORE ALBERGHIERO;Residenza Turistico Alberghiera (R.T.A.);5375;23985;20932;67461;26307;91446
2019;AL;SETTORE EXTRALBERGHIERO;Campeggio;1389;8781;3914;22857;5303;31638
2019;TO;SETTORE EXTRALBERGHIERO;Ostello;22460;68457;7056;16258;29516;84715
2005;TO;SETTORE EXTRALBERGHIERO;CAV - Residence;12914;248302;6767;143065;19681;391367
2005;VB;SETTORE EXTRALBERGHIERO;Affittacamere;3039;13912;2153;9531;5192;23443
2005;VB;SETTORE EXTRALBERGHIERO;Casa per ferie;8276;38081;548;2095;8824;40176
2018;TO;SETTORE EXTRALBERGHIERO;Bed & Breakfast;21599;44578;9124;19372;30723;63950
2021;AL;SETTORE EXTRALBERGHIERO;CAV - Residence;5082;19185;1564;6019;6646;25204
2008;AT;SETTORE EXTRALBERGHIERO;Agriturismo;9039;24721;8570;31646;17609;56367
2009;VB;SETTORE EXTRALBERGHIERO;Bed & Breakfast;2161;4611;2000;6470;4161;11081
2011;TO;SETTORE ALBERGHIERO;Albergo;1328360;3235368;198698;514382;1527058;3749750
2017;CN;SETTORE EXTRALBERGHIERO;CAV - Residence;19351;89346;12079;65043;31430;154389
2008;NO;SETTORE ALBERGHIERO;Albergo;179735;346087;113613;255277;293348;601364
2011;AL;SETTORE EXTRALBERGHIERO;Agriturismo;12324;28575;6052;20944;18376;49519
2013;BI;SETTORE EXTRALBERGHIERO;Campeggio;5253;16944;826;1933;6079;18877
2015;VB;SETTORE EXTRALBERGHIERO;CAV - Residence;4242;29657;22661;137032;26903;166689
2019;NO;SETTORE EXTRALBERGHIERO;Campeggio;30808;132211;35944;150378;66752;282589
2021;CN;SETTORE EXTRALBERGHIERO;Alloggio Vacanze;2063;7376;1090;4678;3153;12054
2009;TO;SETTORE EXTRALBERGHIERO;CAV - Residence;35174;185200;3944;51142;39118;236342
2009;VB;SETTORE EXTRALBERGHIERO;Affittacamere;3800;14956;2467;7189;6267;22145
2009;VB;SETTORE EXTRALBERGHIERO;Casa per ferie;8282;41824;714;1978;8996;43802
2019;TO;SETTORE EXTRALBERGHIERO;Rifugio non gestito;0;0;null;null;0;0
2005;AT;SETTORE EXTRALBERGHIERO;Bed & Breakfast;2243;4644;1438;4074;3681;8718
2007;CN;SETTORE EXTRALBERGHIERO;Agriturismo;14923;35498;15931;46611;30854;82109
2009;BI;SETTORE EXTRALBERGHIERO;Affittacamere;1349;3521;413;1234;1762;4755
2013;VC;SETTORE EXTRALBERGHIERO;Agriturismo;2024;3989;232;750;2256;4739
2015;CN;SETTORE EXTRALBERGHIERO;Rifugio alpino;9620;25513;4941;9415;14561;34928
2015;NO;SETTORE EXTRALBERGHIERO;Affittacamere;3849;10668;3879;8834;7728;19502
2015;NO;SETTORE EXTRALBERGHIERO;Casa per ferie;1837;13454;575;3052;2412;16506
2021;VB;SETTORE ALBERGHIERO;Albergo;119201;264527;168556;481001;287757;745528
2021;VC;SETTORE EXTRALBERGHIERO;Rifugio alpino;1922;2031;2278;2288;4200;4319
2012;AT;SETTORE EXTRALBERGHIERO;Agriturismo;13477;28938;11040;38772;24517;67710
2013;VB;SETTORE EXTRALBERGHIERO;Bed & Breakfast;3566;7682;4445;12090;8011;19772
2015;TO;SETTORE ALBERGHIERO;Albergo;1286470;2879778;513231;1319833;1799701;4199611
2021;CN;SETTORE EXTRALBERGHIERO;CAV - Residence;14564;50935;9913;39876;24477;90811
2006;VB;SETTORE ALBERGHIERO;Albergo;149043;364480;308654;923223;457697;1287703
2006;VC;SETTORE EXTRALBERGHIERO;Rifugio alpino;1348;1360;1679;1783;3027;3143
2017;VB;SETTORE EXTRALBERGHIERO;Campeggio;23754;86822;120586;741768;144340;828590
2019;TO;SETTORE EXTRALBERGHIERO;Bivacco fisso;0;0;null;null;0;0
2020;BI;SETTORE EXTRALBERGHIERO;Agriturismo;2154;5088;564;2067;2718;7155
